2.020604368385256588e+00
1.878939382691666493e+00
4.194198848632061605e+00
3.351039108581640225e+00
3.340501122370643561e+00
3.943649653944859335e+00
1.803430583102058060e+00
4.107539589124412416e+00
3.967275779629423571e+00
3.845822506571392463e+00
4.740083138973419707e+00
4.073478194149219078e+00
3.285189361904726990e+00
3.853630749499462382e+00
4.745513263741627519e+00
4.356162966611713649e+00
3.922436246258179438e+00
4.755893989551026380e+00
3.920111787911982226e+00
4.760906916698923297e+00
5.309621486483514730e+00
5.340191808878707924e+00
4.161432191377516077e+00
4.120257850613929129e+00
4.873212975368574895e+00
4.928543759928328605e+00
4.511698304186229080e+00
4.469782221060239813e+00
4.327697313540604718e+00
3.912021364715123628e+00
4.849190985020926270e+00
4.838675280303932347e+00
4.993922417345117104e+00
4.089100862461825692e+00
5.133089019593897184e+00
4.344300023432783320e+00
5.342473005947118381e+00
4.820446352426651870e+00
5.058505110569563534e+00
5.823879030010845170e+00
4.510850507297825551e+00
4.770544096878022167e+00
5.679637416378538362e+00
5.273198161623803948e+00
5.250494703632663906e+00
5.027721096891931474e+00
5.716564364927267050e+00
4.579219763044184432e+00
5.486256239196174889e+00
5.012413934572797380e+00
4.794802878906914145e+00
5.030475991811385938e+00
3.927340112741114275e+00
4.696035161202130048e+00
5.206589632777738785e+00
5.411383110675654251e+00
5.358390730218140163e+00
4.185343968237654089e+00
4.850983920948693573e+00
4.488678103824356391e+00
5.086326632592274244e+00
5.566530094148992802e+00
5.366356925449466964e+00
5.785653049319177121e+00
5.199370218693417200e+00
4.982807130820090080e+00
4.514896318592778179e+00
5.209745217788546157e+00
2.217184209002083684e+00
4.211651266284579087e+00
4.406992489555599413e+00
4.745553106110230956e+00
4.299130097635555536e+00
4.569951363820921486e+00
4.394962792354382586e+00
4.070641024853029144e+00
4.486822532377009232e+00
4.122600967027802987e+00
4.691374433515794529e+00
4.560402143399142183e+00
5.091725878126107219e+00
4.963378322314430768e+00
5.017423520072558318e+00
4.038950799555519389e+00
4.091654613333224333e+00
5.135631300303665547e+00
4.567255039994237542e+00
4.757826436697340178e+00
5.143660288473329345e+00
5.106444823067404215e+00
5.541774580256582539e+00
5.101277155383377782e+00
5.015287599772654481e+00
4.772756544336698603e+00
5.350546208823022454e+00
5.633930396276905839e+00
3.249315882352253215e+00
4.149631120784889049e+00
2.955637359765735717e+00
4.199090167808105178e+00
3.724392323973823249e+00
4.086958513320317898e+00
3.868280395731807264e+00
5.459112703474218620e+00
4.515271498054977073e+00
4.521485931890981469e+00
4.590893549459610590e+00
4.882287654353748785e+00
4.568372310418763682e+00
4.885401637526261887e+00
4.490867044516874351e+00
4.912754480970472848e+00
5.565662512529342187e+00
2.261388935364974540e+00
4.333192720387030406e+00
5.103942984766615787e+00
2.790770726174562455e+00
4.265168229368109465e+00
1.514204416272546982e+00
1.493429614460348498e+00
7.449508171437925208e-01
1.527422868510703191e+00
1.509824829361244847e+00
4.087416231450824888e+00
3.178036759938199562e+00
1.382583906359121206e+00
4.600287520931428453e+00
4.489047618015305829e+00
5.044580416893808206e+00
4.741814661198872294e+00
4.223034425386821056e+00
4.896381467137170596e+00
4.219388818311363920e+00
4.226592803320948555e+00
3.998811872984083138e+00
3.705471875719738684e+00
4.516365001490780351e+00
4.767036891331381199e+00
4.219724956698970075e+00
5.023400275116219227e+00
4.650662683064212821e+00
4.156461175200064417e+00
2.367719557499580851e+00
5.069251890696146567e+00
4.757468156400658010e+00
4.325908354220329599e+00
3.225449514041901278e+00
3.962091192199880485e+00
3.428152193968881711e+00
3.113295319554733265e+00
3.674742496166466754e+00
4.235704503132513565e+00
4.765485691051846828e+00
4.818444328107652552e+00
3.547194493979810570e+00
4.563467398081273885e+00
4.660926121192940919e+00
4.103201373484406389e+00
4.939662343293869107e+00
4.501036635460212487e+00
5.017665531340091967e+00
4.811729816705951457e+00
5.374645420968030329e+00
5.086722484925641830e+00
4.592539530463853659e+00
3.633478662250661628e+00
4.102255422399105456e+00
4.863091710805930390e+00
4.447556806125038342e+00
3.897360987115462194e+00
3.816816047811123713e+00
4.224224741640555614e+00
4.639554759868501854e+00
4.871942728942066481e+00
4.513940374576337788e+00
4.568330178022530497e+00
4.697111958036251700e+00
4.671537730220930662e+00
4.912434466620188900e+00
4.749812343934031844e+00
4.154702032316121674e+00
5.063735296281064002e+00
4.268637930425239979e+00
4.308032363499182615e+00
4.977137421698525799e+00
4.889773172873799645e+00
4.372970588790543012e+00
4.498788398037429914e+00
5.171554626056873438e+00
4.252738164480986072e+00
4.196277719122225136e+00
4.006566938621304530e+00
3.297651843915329284e+00
4.051154805776235435e+00
4.839521481405145487e+00
4.474666401379421288e+00
4.969678337094544318e+00
4.972718595345528847e+00
4.809392372933121607e+00
4.643803926179441710e+00
3.266055495963701816e+00
2.147517484644097863e+00
3.065067505745574739e+00
3.979851714613595437e+00
3.682021501742768876e+00
4.635781524361545003e+00
2.088338916935644995e+00
4.802432550773108488e+00
4.340161688696523079e+00
4.025337534102860104e+00
4.881339637532259523e+00
4.511531526350048615e+00
4.258000029679475773e+00
4.064395634508985111e+00
5.426075321688981212e+00
4.210995286917376568e+00
4.272303458472545223e+00
3.684111578725463243e+00
5.626881435697256073e+00
5.208330980444930702e+00
4.268072983026583778e+00
4.227682256005611983e+00
4.299542647452227584e+00
4.301618406386765514e+00
4.814685292323779287e+00
4.327553229318026773e+00
4.072028576754981977e+00
4.532386442550206951e+00
4.718306704100545979e+00
4.721042695054850746e+00
5.122521555096235524e+00
5.416180752059005954e+00
4.761911239853775513e+00
4.074115963527113138e+00
4.246864198984266814e+00
4.378007877570806450e+00
4.880645544833371652e+00
4.609659590356529613e+00
4.975868481602530480e+00
4.897501329113080892e+00
5.331669766534828270e+00
6.061592268804840700e+00
5.003145479323107381e+00
5.748268358397133682e+00
5.390513774218992360e+00
5.814549367888506737e+00
4.323856183230489592e+00
5.584065909777446102e+00
4.268452064019824022e+00
5.106291015764104380e+00
5.158266318987013932e+00
5.632271079548715420e+00
4.769462997431659801e+00
5.767664474449804679e+00
4.522281395391902770e+00
5.444537365949726038e+00
4.222033418647759717e+00
4.581235897116503253e+00
4.638087610289161056e+00
5.611512949791140237e+00
5.165304427749260796e+00
5.938428326037474392e+00
5.374730699773476950e+00
5.251044851943843739e+00
5.029631193528746103e+00
5.091447567381636397e+00
5.397524925068876378e+00
6.356751293008346515e+00
6.057374401797685159e+00
5.480237178000892051e+00
3.922046749986363601e+00
4.091971526421112060e+00
4.749534863990419353e+00
4.623023698074042898e+00
4.303302897873691357e+00
4.663164626824161552e+00
5.067958698797382588e+00
4.627408078659724033e+00
3.826323342312684783e+00
4.680957571638352910e+00
4.331932601807140237e+00
5.126108062015046762e+00
4.352345200804925263e+00
4.180659057036443471e+00
5.548705277307634631e+00
4.223358035414866762e+00
5.465072797409573191e+00
5.249816522913945072e+00
4.828178611171904500e+00
5.454068620911402654e+00
4.765389059930029703e+00
4.546217580502583289e+00
4.978104782003668127e+00
4.758618345191075072e+00
4.233711663115284018e+00
4.375749921773212314e+00
4.715347331102038630e+00
5.284426036552285488e+00
4.460707837053862868e+00
4.651586380652451780e+00
5.438909205535765068e+00
3.695031590300308366e+00
3.518004526519551867e+00
4.565862280424375363e+00
3.507651669595314825e+00
4.286407125629902559e+00
4.068961393750917033e+00
4.792537570765648347e+00
4.263567080813897014e+00
4.229113739448786546e+00
5.033792894556317066e+00
5.169977441825293951e+00
5.288920813980698910e+00
4.517100553781954630e+00
4.959312617305226212e+00
4.851715690799305314e+00
6.062203008610826060e+00
4.653901008223283675e+00
2.746444512999005383e+00
3.299377505539432764e+00
4.196454722730129205e+00
3.789896129886872966e+00
1.714365789950172747e+00
4.657239596457227293e+00
1.805473801737322859e+00
1.699766108508471207e+00
3.501926406680293535e+00
1.023136538096765635e+00
3.268610205175996875e+00
1.799760846058122254e+00
1.557280267585156475e+00
4.223862224405021237e+00
4.428086483296756803e+00
5.088406890489092227e+00
4.582894995035471375e+00
4.136962148959169028e+00
4.940725090308207612e+00
3.630077958900499890e+00
4.348582034642308081e+00
2.416613404233320495e+00
4.264007429829833384e+00
4.309495744703706777e+00
4.775081365880613937e+00
4.002871448828821954e+00
4.301502516943653376e+00
4.182978392762011666e+00
4.171971152103901126e+00
4.510731945663867926e+00
4.548342345233948869e+00
4.416142042304141313e+00
4.193654923690237624e+00
4.983399797412871202e+00
4.988609433213262001e+00
4.801360143453899276e+00
4.630745749036250913e+00
4.857160942895261790e+00
4.613708785995235040e+00
3.814283389942996205e+00
4.075590153599054410e+00
4.806319936120520886e+00
4.805878763335516446e+00
4.364870501641315848e+00
4.603587739190619033e+00
4.582195278084834733e+00
4.350570236216245057e+00
4.858266211671009138e+00
3.626643171209456895e+00
3.773878236755900506e+00
4.313508261048216497e+00
4.480286249004983290e+00
3.602917317540647701e+00
2.672809344888986249e+00
4.305305988244903403e+00
4.200918113314138225e+00
3.964371991056151678e+00
4.160743303326486675e+00
4.620122754932430631e+00
4.977207643388866565e+00
4.726509388541563439e+00
5.378776984179176601e+00
4.388415290450956796e+00
5.160667977252298755e+00
4.559802132794786189e+00
3.644362722187412196e+00
4.500094768543146273e+00
4.455565681658367083e+00
4.357007640403969262e+00
4.153839990343660915e+00
4.635607111332518571e+00
4.593465356491340579e+00
4.926326664351779350e+00
4.671373212268586705e+00
3.423513261297117971e+00
4.759366590598689051e+00
4.355148716758820981e+00
4.519664711390584344e+00
4.593881984628838566e+00
4.931921146343059448e+00
4.763970013246602520e+00
4.953072202584337447e+00
