4.541987938392233026e+00
3.594524762582474775e+00
4.937043138674678922e+00
4.890943430952228610e+00
5.015495069331970868e+00
5.727228887726734996e+00
3.254918976134512754e+00
5.361085006664342067e+00
5.312953216281615099e+00
4.728435330395512004e+00
4.971454294015579478e+00
5.677576753574060220e+00
3.999520069515889009e+00
5.657908923014925762e+00
5.131460722606819402e+00
5.575309011907317647e+00
5.208668403519345347e+00
5.219344535018983322e+00
5.410238830393337750e+00
5.014046982173995914e+00
5.548700840396178613e+00
5.534293867499706643e+00
5.720917949721401108e+00
5.220780972031099587e+00
5.166460554152929596e+00
5.319332810096430997e+00
5.676566545978750433e+00
5.740643707579329735e+00
5.186292201136866176e+00
5.077982414973929437e+00
5.431949056556404365e+00
4.585864822905480587e+00
4.830128741382390345e+00
4.602412325567950546e+00
4.593968822268531760e+00
4.796258402506760277e+00
4.670708500842952304e+00
4.143765168279145428e+00
5.944273554413482152e+00
6.084888685071084602e+00
4.482530070607187334e+00
5.115982328048255923e+00
6.283681350167456436e+00
5.328656151436782729e+00
5.986537602821460524e+00
5.271061343849838821e+00
5.951989282161092909e+00
5.249569856217608077e+00
5.888988589649392758e+00
5.522834198978429754e+00
5.618839642185398553e+00
5.236389945421171532e+00
5.288852637032558590e+00
5.953525895472584040e+00
6.292842613420491560e+00
6.428059330047203979e+00
6.626736703515351934e+00
5.298343361229269632e+00
5.335369640830029070e+00
5.190762522555261604e+00
6.581011578756045033e+00
6.195594875263389589e+00
5.820028044034176062e+00
7.340996219130127010e+00
6.836366225254390194e+00
6.005118385267344649e+00
5.148591958135376068e+00
6.540340434230325073e+00
4.426696722904260639e+00
5.468802805801134426e+00
6.402238211764181841e+00
5.842535072133078877e+00
5.967929091011796139e+00
6.356431193231068200e+00
5.366723042986173198e+00
5.086460037746375562e+00
5.456490380278991914e+00
4.808174813072021436e+00
5.027946953680580755e+00
4.890843859983799113e+00
5.569431830300975328e+00
5.507019823636809086e+00
5.446190762574477873e+00
5.696561749107895700e+00
4.899575122047661324e+00
5.774630673034057082e+00
5.453140049527871902e+00
5.534591387360267234e+00
6.093085902460062542e+00
4.723465482376385083e+00
5.418196284178519839e+00
4.777954037667386800e+00
4.976448189811931044e+00
5.652878093833781925e+00
5.801701563471459266e+00
5.060641571846565157e+00
3.535510355219801060e+00
4.564177668501752549e+00
4.097352798728818080e+00
4.397776742019834373e+00
4.630916944759078113e+00
4.057302692135684730e+00
4.598076203509489090e+00
5.537229498372060021e+00
5.381077188543044620e+00
5.960829452394754924e+00
4.919014095293523070e+00
6.016553007282340992e+00
5.804366504879170385e+00
5.718407869187017489e+00
4.630422547671730449e+00
5.145395238119834680e+00
6.518828157570528248e+00
3.661651241260612810e+00
4.700631457963246440e+00
5.835762197127310813e+00
4.026488285341314644e+00
5.302900562320058242e+00
4.305206589889940538e+00
2.366016848995271094e+00
1.590070479317843288e+00
4.649260641805004646e+00
3.722435846931076320e+00
5.827456705877850140e+00
4.397728502861897759e+00
1.947303197531974117e+00
5.746408396702665122e+00
6.600153755794327282e+00
6.243994641005429003e+00
5.816504722622178214e+00
6.169289603651034071e+00
6.177170151650056340e+00
5.885090359073533506e+00
6.526730382159124488e+00
5.972712029809483347e+00
5.163373898923287797e+00
5.879178249040999837e+00
5.680640154744001968e+00
5.573399080418286466e+00
5.558699344781005358e+00
4.530935804836476066e+00
5.461787931217363834e+00
4.203559348782897942e+00
5.066226986984961655e+00
5.625326914813689072e+00
4.556432058718479894e+00
4.334995968916884657e+00
5.655137583776126853e+00
5.838001959248988904e+00
5.569699702130091801e+00
5.725687509163922329e+00
5.795476282125096468e+00
5.204901803981264230e+00
5.644144389339895262e+00
5.167304951081057141e+00
5.164833677687709290e+00
5.160564637047395209e+00
5.371309738698461622e+00
4.892652877669454448e+00
6.076505434084206847e+00
6.027882254129221629e+00
6.293501913531263092e+00
5.292811284915070580e+00
6.167140011961744328e+00
5.867878322864084062e+00
5.127559572458047832e+00
4.842816152283090148e+00
5.106118394101948788e+00
4.194223020192546336e+00
5.667502422245399352e+00
5.673027818460197658e+00
4.437366085800490190e+00
4.951720760933123522e+00
5.555037503257932663e+00
5.156720045034465016e+00
5.531835807385920845e+00
5.492905540988257229e+00
5.530353704143148086e+00
5.375460134760297493e+00
5.926125181016948851e+00
5.505690238103548850e+00
5.541479227086751891e+00
5.355373568436651688e+00
5.577665191349108653e+00
5.168922262655223143e+00
5.452464328506638758e+00
5.587243511713908539e+00
4.997711113242066183e+00
5.631528157959971637e+00
5.867362654526164789e+00
4.670591362115111167e+00
4.528229596861586437e+00
3.693169899128771139e+00
5.012583808008086450e+00
4.887737543850088962e+00
5.528411930617089354e+00
4.944811090017505073e+00
6.337273566148824422e+00
5.127256716014989557e+00
5.374689966333670021e+00
4.064825784266490771e+00
3.555555131548074232e+00
4.733624861900706193e+00
5.318208059499453633e+00
4.399748250098519442e+00
5.106215842065601862e+00
2.435372904783545511e+00
5.446667225426323533e+00
5.220176158167403990e+00
5.804896434208589362e+00
4.904411266708350148e+00
5.140215764027679768e+00
5.956114364352713686e+00
4.926035760004686459e+00
5.563110298192589731e+00
5.068538311121649542e+00
5.286209681464537624e+00
4.938782285342178113e+00
5.853840112593850620e+00
5.446491697210684713e+00
5.665878853308019991e+00
5.733304431999148854e+00
5.498113163783416191e+00
4.790200931782415239e+00
5.464634796643112580e+00
5.384005867576346915e+00
5.721871435084488589e+00
4.878484654388187458e+00
4.911030097907375769e+00
4.907294574234883910e+00
4.816208586819610282e+00
4.497024787635522713e+00
4.681826921852672463e+00
4.616318556803422624e+00
4.666769299731566178e+00
4.867417996841015615e+00
4.638982273643470933e+00
4.677791923950800346e+00
5.234849565210475397e+00
4.657647715746836781e+00
5.435566368661773673e+00
6.387644290588166740e+00
4.991919808135295789e+00
6.054612805201623260e+00
6.049355901934194257e+00
6.175044095271519318e+00
5.136851230714929883e+00
5.996769458145502441e+00
4.787055712839870303e+00
5.670757077662456958e+00
5.099760314482425727e+00
6.334539970469558412e+00
5.151459208875422746e+00
6.629805760394864578e+00
5.716119917810688733e+00
7.061974053023886810e+00
4.914674365554411395e+00
5.105520793195021945e+00
5.702875072270487955e+00
6.533439604699833758e+00
6.067910393408880942e+00
6.628938853552079458e+00
6.466282623247698425e+00
6.823992596021909662e+00
5.193352163986013181e+00
6.239513541174155797e+00
5.306183156121905498e+00
7.783648799639256488e+00
7.102202496112917984e+00
6.248709892736528104e+00
6.061836970813065939e+00
4.940493424630849617e+00
5.537395584167520646e+00
6.257785677383547629e+00
6.117816160532624892e+00
5.745602671823392349e+00
5.818400761317231051e+00
5.240402064450694120e+00
5.216143774685590095e+00
5.136675654872143504e+00
5.449686977628035223e+00
4.914896018584259174e+00
4.060015361931788469e+00
5.041199801679598913e+00
5.129437081634767637e+00
5.103066635177668786e+00
5.264057909556795423e+00
5.686774248905297924e+00
5.077367766453257047e+00
6.028378562726278922e+00
5.304118443828133245e+00
5.771174530484620924e+00
5.147979908867264420e+00
4.776867447370632291e+00
4.556552664068946434e+00
5.602965480876333615e+00
4.749890173299238683e+00
5.178300311841645076e+00
5.493218721283211536e+00
5.871320167438433657e+00
5.467645009727887029e+00
4.528223987504492065e+00
4.795908144800649531e+00
3.909367279795076477e+00
4.036979999023434296e+00
5.265855086202891222e+00
4.225978327926433131e+00
5.775862957196665093e+00
4.930418916893631653e+00
5.625919251677695243e+00
5.552062455331197022e+00
6.706642367712582598e+00
5.739358466841604667e+00
5.276497734869569634e+00
5.378917334268293438e+00
5.956195383743114746e+00
7.061793285979984347e+00
5.394890650738947357e+00
4.532955463044582523e+00
4.577867225015269881e+00
6.061570671063605253e+00
5.530188203683732873e+00
3.316857284175983356e+00
5.347069588729508105e+00
3.229029280168691951e+00
4.636609694255102276e+00
5.003240337148031180e+00
3.555369247316768178e+00
4.166959114487115201e+00
4.576359697742494959e+00
2.077608700447175050e+00
6.681663596610765588e+00
6.254781417576019464e+00
5.616926817554213969e+00
5.837487359182384594e+00
5.566724705203738743e+00
5.500946393640095522e+00
5.434520903621204546e+00
5.681346652441598977e+00
4.342283124582661635e+00
6.345750415944026557e+00
5.991971266443328226e+00
5.959833739959982779e+00
5.797883336921917596e+00
5.857332391541137717e+00
5.316762092529479844e+00
5.403997307453664689e+00
6.185101968698736741e+00
5.419813806125990396e+00
5.254720864396287716e+00
5.704995471645807115e+00
5.494487665863467818e+00
5.104958222009522650e+00
5.719425383933225859e+00
5.900920379004028327e+00
5.128828913431916270e+00
5.274892278388681355e+00
4.573698863891122457e+00
4.418204697159640482e+00
5.086767361330975845e+00
5.265491285203128591e+00
5.299671806291738285e+00
6.282957045628596582e+00
5.560185515962026592e+00
5.671663116577138730e+00
6.234742239766112526e+00
5.344207835849724475e+00
5.339693836238742719e+00
4.802629092513794440e+00
5.091124187722154915e+00
5.071587472905086713e+00
4.263258316190502661e+00
4.498714264139811014e+00
4.510591745823459675e+00
4.310212793469418990e+00
5.355009544125025833e+00
5.728781934475431825e+00
4.828293687682398527e+00
5.030703480840156949e+00
4.738867701148986811e+00
5.390262054217522802e+00
5.012069303114346397e+00
5.906816535606460583e+00
5.118911976381960827e+00
5.529695352026457122e+00
4.990434977106104064e+00
5.199798483358735623e+00
5.789746833618731436e+00
5.151725829611801366e+00
5.484701969305034730e+00
5.345634908426225351e+00
5.490177920887786556e+00
4.205222831413012230e+00
4.666015810383571605e+00
4.324258802239290489e+00
4.846100941550449903e+00
4.642694667142563070e+00
5.918028123773357407e+00
5.017938998877601087e+00
5.245096170856991868e+00
