3.461280955794366232e+00
3.686082093449188246e+00
3.505268048022583294e+00
3.451257438680027434e+00
3.244751272174684953e+00
3.397976401650681932e+00
3.275182119730842167e+00
3.688163785915143933e+00
3.033509873986544925e+00
2.999287382693560655e+00
3.014725143949214647e+00
2.999967837094749346e+00
3.238483730338737043e+00
3.183562595745578871e+00
2.853953418321037550e+00
2.841222452169001933e+00
3.337743885725421578e+00
2.729040290518126799e+00
2.864460519388140725e+00
3.362523405044267388e+00
2.580097730049386584e+00
2.831852082596935549e+00
3.356313553688063500e+00
3.064704986909190243e+00
3.103539672722058551e+00
3.175266460657074852e+00
3.342835003846255315e+00
3.456683414643642038e+00
3.285266409721523839e+00
3.308968191674840131e+00
3.465014524040990640e+00
3.464934888287138914e+00
3.313607104658919944e+00
2.966199245834252984e+00
3.346585601836334689e+00
3.112647946847280078e+00
3.399086947150200100e+00
3.248896843685324498e+00
3.316323188881460826e+00
3.079740637057511776e+00
3.335835292786491380e+00
3.495474292396364646e+00
3.100270975191345979e+00
3.151388047709355433e+00
2.935627251647371150e+00
3.585049758262782049e+00
3.291841116996674810e+00
3.101405516358665793e+00
3.283741587946376050e+00
3.342818179292704528e+00
3.253060999337414660e+00
3.319455311081815907e+00
3.225791800982725555e+00
2.960847972683606333e+00
3.193366836349320614e+00
3.173290223806326082e+00
3.313937717368878655e+00
3.421060419996675428e+00
3.252093036018370409e+00
3.207180744587152965e+00
3.278266452624400529e+00
2.957243608602825535e+00
3.155041146036653199e+00
3.276454169385998760e+00
3.184811897413470927e+00
2.986548677269159846e+00
3.205571191987730106e+00
2.956391616564079339e+00
3.843402416767898178e+00
3.797622577491745588e+00
3.723064262601164742e+00
3.956889364830986189e+00
3.469525578999860471e+00
3.866599622496069255e+00
3.609357221431597207e+00
3.616470986810366384e+00
3.843609319033996385e+00
3.633462517485351206e+00
3.639616368802411905e+00
3.815857832926845550e+00
3.661782692878232215e+00
3.793970544288188584e+00
3.784793017773522283e+00
3.453448570616530766e+00
3.230809535457140669e+00
3.669331684260176196e+00
3.739031599162754738e+00
3.480308419706595657e+00
3.696940142425003017e+00
3.755819090926128201e+00
3.658408159792621461e+00
3.735574123810603719e+00
3.935993934569251618e+00
3.657723232260316149e+00
3.937597984145620345e+00
3.974604484629079337e+00
3.663039818058276165e+00
3.552497380869052979e+00
3.316585124871799017e+00
3.496730225052372187e+00
3.343807154427090644e+00
3.324353802964078675e+00
3.575798227230201576e+00
3.593215642539771881e+00
4.073051107316008945e+00
3.507696996546244339e+00
3.148958599643450817e+00
3.151172596726075525e+00
3.351972371937485207e+00
3.362098110157373920e+00
3.308318619457141896e+00
3.434542914941837832e+00
3.350701158573231808e+00
2.453510457553728319e+00
3.228165286824672631e+00
3.457088838317742052e+00
3.441244940308814559e+00
3.443452507989336997e+00
2.985014099972858936e+00
3.022459347792699536e+00
2.872574301730091761e+00
2.218793177012419626e+00
2.292644295943565336e+00
3.991075509945960054e+00
3.410075643735196671e+00
2.588915341978256013e+00
3.780737247509444288e+00
4.083438172724417115e+00
3.775507907542324570e+00
3.641325588505671451e+00
3.654089212808535159e+00
3.990032673598782331e+00
3.675397116022808497e+00
3.735526746383835306e+00
3.479136127216286845e+00
3.578349409011533755e+00
3.540422107476471236e+00
3.436066967196356181e+00
3.700085274068766861e+00
3.829594487373262357e+00
3.700997790159933576e+00
3.627639996099659037e+00
2.837035835267628592e+00
3.204677876729238761e+00
3.649788232502009677e+00
3.056653258836933951e+00
3.107456429333406156e+00
3.551409374264442587e+00
3.722915404368696723e+00
3.861470238262924237e+00
3.585324829656708623e+00
4.072974184189921409e+00
3.834430995428879552e+00
3.760531554313342184e+00
3.536634889222831646e+00
3.564168010593746327e+00
3.611978193321166319e+00
3.702167082517284769e+00
3.525384577470251912e+00
3.687982336737182454e+00
3.840993075681858659e+00
3.618270583299340704e+00
3.563846174153338264e+00
3.728703489582696484e+00
3.496547005602394620e+00
3.747456093174550862e+00
3.580014120350250906e+00
3.961357703027237775e+00
3.563781627255035112e+00
3.616259811986061834e+00
3.392527610512568348e+00
3.528537215973529761e+00
3.730363093887553827e+00
3.434237787534449637e+00
3.827346518604470837e+00
3.784856605516694561e+00
3.151414130740163966e+00
3.766575420519873596e+00
3.827165215408379062e+00
3.694597513191953730e+00
3.836788628175719307e+00
3.553503385920590674e+00
3.669309364689200770e+00
4.108594805254470295e+00
3.675179344841314588e+00
3.749054501329915912e+00
3.972337460578593049e+00
3.746035106577340734e+00
3.642832641300985941e+00
3.711543004574956228e+00
3.539772659993104753e+00
3.818957526428889526e+00
2.887508963568263365e+00
3.032663086681302467e+00
3.641628427618932573e+00
3.488861407716775886e+00
3.277819217297010645e+00
2.951302688060631230e+00
3.320686318117072933e+00
3.579911189497350765e+00
3.339281402359398410e+00
3.595701335067928994e+00
3.432599677082879275e+00
3.344907442016591848e+00
3.320111665025647252e+00
3.119871122723745671e+00
2.898795791208662376e+00
2.973536698122794864e+00
3.730937897258888469e+00
3.355694927416292384e+00
2.965516481076376110e+00
3.061687242249263807e+00
3.217927963776827660e+00
2.933933937246675949e+00
2.753382843313190609e+00
3.658880778651544485e+00
3.241351618727197348e+00
3.190930361440022178e+00
2.607423252150010917e+00
2.763320162543337233e+00
2.913297058830123465e+00
3.368582601863105541e+00
2.920183883086454824e+00
3.160884448337979880e+00
3.006292902335812034e+00
3.276409416312124456e+00
3.456681343426184938e+00
3.274024309878509786e+00
3.160893922648919663e+00
3.582443977189555095e+00
3.487627091468679996e+00
3.599505018968758741e+00
3.232948201924080500e+00
3.054672200553154582e+00
3.253455569493683086e+00
2.775335340933077433e+00
3.170508326296578083e+00
3.484414001728310950e+00
3.113816415200356236e+00
3.237546122201377052e+00
3.319415842704639186e+00
3.378961779885755412e+00
3.316313177393161116e+00
3.428289736562271983e+00
3.122443100507956704e+00
3.043242402125265755e+00
3.591652767213017849e+00
2.956887462251851506e+00
3.409121548187846074e+00
3.259687311874332583e+00
3.392095637828309140e+00
3.322580905180664068e+00
3.402103789769462150e+00
3.237032092261324490e+00
3.271157740011870541e+00
3.374027854412914973e+00
3.279336217036065371e+00
3.382838210766772491e+00
3.204476476807161411e+00
3.097784241749593992e+00
3.170560640228237137e+00
3.147915806086836632e+00
2.943040916264585416e+00
2.698601730515704844e+00
3.117821575644534882e+00
3.272875583755284978e+00
3.284472837156654279e+00
3.083351644965643068e+00
3.144202009721910329e+00
3.010545773467235620e+00
4.025530262276380000e+00
3.693921029809472678e+00
3.919709546003877332e+00
3.622620661210266491e+00
3.719152555353264944e+00
3.665710303753246802e+00
3.628405358944720493e+00
3.895784241772142664e+00
3.722580878363924484e+00
3.817363902850677615e+00
3.891411850050140675e+00
3.722044314259393527e+00
3.489872014852547277e+00
3.769487283948896650e+00
3.517834335411734070e+00
3.682753791587251690e+00
3.589367942696135572e+00
3.700393015535591523e+00
3.546945595889002156e+00
3.495905375014602079e+00
3.525707175923148640e+00
3.366234241548009987e+00
3.725231491002078510e+00
3.713497660219692964e+00
3.672863334015227466e+00
3.627679804655604912e+00
3.655736796904864860e+00
3.706179346584725032e+00
3.765515134929581453e+00
3.857202501050122301e+00
3.518688833894288326e+00
3.450058870761447238e+00
3.705077722390743844e+00
3.618072765445883299e+00
3.510547198547186110e+00
3.709486904784022432e+00
3.495451050519974068e+00
3.753225342897902550e+00
3.871714182497721257e+00
3.666316652146499155e+00
3.381066324549123259e+00
3.402014619643408899e+00
3.486791914501242928e+00
3.429206594017824461e+00
3.291828224832542116e+00
3.110798327116495177e+00
3.358786158228586505e+00
3.354081573029436658e+00
2.643942718266008907e+00
3.288330565975076336e+00
3.498209643224920118e+00
3.106329975692748047e+00
2.127863293850205562e+00
3.560814945781792140e+00
2.682206199392102697e+00
3.492885653941769863e+00
3.776891575000131063e+00
3.116360014337697493e+00
3.254647306530455531e+00
2.677934914507292152e+00
2.786313869321673131e+00
3.495871747861204248e+00
3.802764131153996807e+00
3.825150092254761436e+00
3.711152367669399599e+00
3.627802971473464755e+00
3.648075418412089377e+00
3.581701585229354112e+00
3.643851202606241291e+00
3.109872051825626649e+00
3.464668941048731465e+00
3.571130947877007689e+00
3.593587279176719829e+00
3.768186975629538971e+00
3.609571536901022615e+00
3.393323163364158734e+00
3.578221268763642549e+00
3.762022929015743422e+00
3.502431351237737633e+00
3.469595191491762876e+00
3.793275083302201534e+00
3.658071166331918533e+00
3.632643996817582988e+00
3.505278348153927137e+00
3.817555135185028092e+00
3.218625883620074735e+00
3.612649360747993033e+00
2.970361593881598594e+00
2.790523977728677441e+00
3.270247827366922433e+00
3.398900022545066513e+00
3.613915642570752151e+00
3.769797912399223794e+00
3.902114761471406457e+00
3.705326330104426358e+00
3.603569076022542728e+00
3.944737279339960878e+00
3.890825027555262494e+00
3.652629253528858477e+00
3.959968422336249461e+00
3.721623241356264433e+00
3.488607774275044981e+00
3.467751410046886473e+00
3.706408545258920828e+00
3.374469048940910820e+00
3.567563729813956197e+00
3.641753627342319000e+00
3.501860198819637837e+00
3.952772550812696739e+00
3.875876167386695936e+00
3.494226692259344791e+00
3.792716973547221038e+00
3.599853934634801078e+00
2.527620585037545720e+00
3.762168573887399337e+00
3.682892936471057421e+00
3.250879961491827341e+00
3.924856575654477986e+00
3.734659659704547163e+00
3.970210136378959476e+00
3.509468290652622002e+00
3.640887889062760951e+00
2.426751579264218694e+00
3.269689336993662820e+00
3.646448358479494889e+00
3.543892762326454893e+00
3.315184734247148324e+00
2.988791686319669072e+00
3.567649880688673392e+00
3.561958524157450956e+00
