2.545368968064670501e+00
1.948208397746244325e+00
3.511864434116651168e+00
3.943815094809485000e+00
4.407478276907368375e+00
4.860623589174807968e+00
9.776273744032878410e-01
4.385775220428562271e+00
4.371658436393369485e+00
3.677596569418926986e+00
4.042398577325148068e+00
5.034865615035577058e+00
2.095175901070468694e+00
4.726787505920062138e+00
4.943750773067653981e+00
3.742821547156813367e+00
4.513008437584169030e+00
4.482256235467423799e+00
4.961726835885710507e+00
3.701180429213103640e+00
4.740171343886266264e+00
4.523430054654630439e+00
4.741784248066258201e+00
4.714149017153641985e+00
4.108918227005961654e+00
4.115198993902083657e+00
4.227617463988996072e+00
4.415754499708278935e+00
4.234328553637738857e+00
3.802936024700015682e+00
4.467406634258719755e+00
3.651277928672442386e+00
3.770137368743597950e+00
3.065580316098130975e+00
3.101711736595477831e+00
3.583800842592252955e+00
4.106941321732917594e+00
3.359885776190828732e+00
4.022471843667579705e+00
4.973620250909226215e+00
3.140065822811667573e+00
4.226135659866721461e+00
5.159214782274135658e+00
4.454972359360241718e+00
4.613149316761719909e+00
4.125527574710107004e+00
4.967459967668432341e+00
3.766258534997516172e+00
4.665262677235569200e+00
4.147108538412507706e+00
4.483308593235230788e+00
4.273244613777015921e+00
4.171590004657153905e+00
3.991616170662658725e+00
4.969775460459383787e+00
5.228849817917214260e+00
5.288828835634340919e+00
4.048979045803783094e+00
4.255409688524242284e+00
4.245051557610004522e+00
4.774660748663151821e+00
5.004975333455928599e+00
4.504783341537484276e+00
5.245307532291570318e+00
5.072914596976555224e+00
4.511990172551856304e+00
4.101113485622343902e+00
5.198873865383855986e+00
2.718268136925265477e+00
4.317460320958744546e+00
4.837813259455703729e+00
4.670066274880331214e+00
4.147503805629488838e+00
4.564694125714547468e+00
3.841712016480911540e+00
4.034198309993492160e+00
4.176665223249237613e+00
4.035321200002365494e+00
4.247064138724595317e+00
4.226971655997051158e+00
4.272179531461734570e+00
4.789444408795635155e+00
3.904833970349176120e+00
4.376512660215103878e+00
3.862619679402225170e+00
5.064889082568957868e+00
3.930320025546778950e+00
4.206665501681059460e+00
4.850620309829638543e+00
3.745561060717072177e+00
4.331651575158284473e+00
3.977999425528268240e+00
4.325426680106751576e+00
4.326419521589370376e+00
4.557786767024267327e+00
4.442559463432933065e+00
2.425954988096521436e+00
2.810712173851605211e+00
2.124904833536392257e+00
2.786203512842767349e+00
2.658502976697147524e+00
2.066369159783776777e+00
3.092020009924024482e+00
4.568146325604607760e+00
3.455356260008856761e+00
4.742023930382162966e+00
3.599472526866267952e+00
4.441581509431470565e+00
4.113344528862894478e+00
3.868838374733067020e+00
3.428706363945447144e+00
3.990048836532761989e+00
4.468957485042193589e+00
2.010645157163973629e+00
3.279640786071502667e+00
4.308566719737091155e+00
1.656410495009055017e+00
4.478110217445618879e+00
2.601973422466286046e+00
9.419270602601486075e-01
6.454083204817501196e-01
3.205636557888162042e+00
2.042933594853269863e+00
3.937862651017905335e+00
2.313443881243758771e+00
7.338225017618672519e-01
4.640590272381817982e+00
4.315767111949888601e+00
5.111250669144403957e+00
4.654776999553208228e+00
4.661220994601490197e+00
4.792474950411175882e+00
4.215102241648494008e+00
4.574120196278254724e+00
5.089590689397205381e+00
3.849424621924102841e+00
4.301307025654590888e+00
4.317967166497569842e+00
4.422234198903115754e+00
4.527799685609387836e+00
3.266999871535272160e+00
4.097536906869830631e+00
1.961744838760468568e+00
4.107032908349197875e+00
4.625277221700995867e+00
2.952987608203919034e+00
2.510337301606861082e+00
3.624642779315534913e+00
4.566546484155491470e+00
4.181285001827803605e+00
3.687245343363469097e+00
4.068798318414638793e+00
4.023824716467881757e+00
4.224752382064181688e+00
3.662406239788041251e+00
3.734721353678521982e+00
3.997374262008378754e+00
3.498827900621876097e+00
4.183330326575830149e+00
4.485017572473384284e+00
4.582512573387047539e+00
4.821015317049279325e+00
4.858262295437429046e+00
4.791907931367363815e+00
5.254786478723304732e+00
3.208440353652017851e+00
3.149892976384926602e+00
3.928816721406704460e+00
2.458638279426210715e+00
3.576823751216189784e+00
4.489266190085963615e+00
3.150093191183152896e+00
3.833950546912365809e+00
4.368904408759198610e+00
3.845969354722556410e+00
4.562578279018382865e+00
4.249195649908569905e+00
4.233396256360341781e+00
4.345889113862446251e+00
4.004190682354127340e+00
4.124027273919462111e+00
4.276372394781272845e+00
4.145022296757054470e+00
4.270405907171999083e+00
4.012064230369506213e+00
4.395025645658388491e+00
4.569120513958215390e+00
4.642398483479571958e+00
4.127246921838027660e+00
3.310195936317744447e+00
3.693404823450127772e+00
2.730890246926149345e+00
2.162826043256747433e+00
3.889228566805301046e+00
4.255805912213536324e+00
3.394653690963441939e+00
3.886391367443435829e+00
4.445302338304879086e+00
4.108255944440275975e+00
3.693327821238759689e+00
2.273271120793795230e+00
1.817789961916633112e+00
3.562493092089928481e+00
4.415102221095406954e+00
3.661560427626197267e+00
4.831354031138612726e+00
1.110124488134154985e+00
4.668442987515413201e+00
4.414927005687406592e+00
4.663959760540426380e+00
4.406695275676237422e+00
3.640402635509477403e+00
4.760575239206592535e+00
3.251649716714015259e+00
4.919157742470593675e+00
4.176151549345387792e+00
3.637457697385527489e+00
4.337487513963692365e+00
5.331865627738056723e+00
4.353306879523113793e+00
4.880905841841212123e+00
4.532660731454739356e+00
4.025215589981230302e+00
3.747205631076323762e+00
3.920066222648595833e+00
4.172257538166403990e+00
4.857219767080117379e+00
3.783703059951555758e+00
4.152744532827810531e+00
4.088359592662401454e+00
4.044154821231378705e+00
3.776230282817779393e+00
3.780643930988254464e+00
2.624066173768730081e+00
2.960421818768610436e+00
3.094384317430955988e+00
4.232081157671242266e+00
3.767685608252788754e+00
4.009287324507074146e+00
3.837410025516007295e+00
4.223722797793317163e+00
5.325806833283889929e+00
4.102391608030571568e+00
4.608544255101080012e+00
4.468508087601318124e+00
4.623989126245360737e+00
3.639996468367908466e+00
5.078936157991243761e+00
4.369791071014334172e+00
3.835139116647217961e+00
4.069443410822887408e+00
5.362867562371425478e+00
4.196733800733461806e+00
5.457402808043686271e+00
4.467594290666380807e+00
5.078028695617733845e+00
4.040592850486325105e+00
3.853161299481668411e+00
4.559240664689466982e+00
5.552347066815934262e+00
4.668553455042150802e+00
4.862675384974625814e+00
5.000827811591798344e+00
4.835684178817121648e+00
4.569862389854542073e+00
4.164686440529096423e+00
4.444037828980476945e+00
5.744718819395565390e+00
5.646458686889657130e+00
4.965168758779992864e+00
3.727549170254168320e+00
4.537840040349904847e+00
4.412709157341475397e+00
4.497746095407768152e+00
4.376297826080605802e+00
4.277202083908906438e+00
4.306923212748693608e+00
3.825586454198329989e+00
3.851162284638128153e+00
4.203356251484454909e+00
3.716551974450110762e+00
4.590187822090283198e+00
3.494249973285677324e+00
4.454434226605798131e+00
4.679545536320092403e+00
4.119125905910456353e+00
4.562632685519860232e+00
4.385825569114770062e+00
4.140244747432810790e+00
4.964197543963751791e+00
3.797721412052662338e+00
4.093558524498956963e+00
3.779846166036948230e+00
3.750159488291120891e+00
3.578396121566290500e+00
3.916587291261214521e+00
4.052527359679917396e+00
4.409503761700440450e+00
4.307994191702269049e+00
4.240413003958135363e+00
4.500728674328198231e+00
2.504452391914572029e+00
2.291054342720188597e+00
2.352638909619940488e+00
2.241035761486204425e+00
3.360505345001026711e+00
2.766108479029056877e+00
4.350315918824581018e+00
3.346737218879832554e+00
4.422068134589736133e+00
3.974002550959889302e+00
4.797838764883227469e+00
3.858660596390487196e+00
3.678499728512992561e+00
4.305789200762212054e+00
4.141353006052526986e+00
5.073813951199390715e+00
4.131837923266502344e+00
1.655670615258166833e+00
2.145787243018548285e+00
3.961899797225287401e+00
4.074794307732043208e+00
1.530882407682168322e+00
4.676370158915958086e+00
1.386649217868456185e+00
3.610178871158451930e+00
3.227940117933136843e+00
2.069567196149063815e+00
2.307514557062586125e+00
2.160189607789600785e+00
8.214436050738919137e-01
4.564177374089549488e+00
4.252167588755499494e+00
4.747136941922750708e+00
4.369468839784230951e+00
4.098094207948939527e+00
4.502704603635189429e+00
3.768603704635771212e+00
4.092009663031642930e+00
1.957208249602498951e+00
4.954703715291608468e+00
5.101248501246425704e+00
5.055564939180646533e+00
3.804487704277993210e+00
4.360845436290286870e+00
3.738833044075419831e+00
3.700522825533823390e+00
4.119850795260391330e+00
4.088458283106887414e+00
3.569292406387156280e+00
4.411964223587988343e+00
3.904933764516560046e+00
4.181109398670315613e+00
4.433472217912856728e+00
4.513950807190743042e+00
3.995011154453519620e+00
3.943241340185975385e+00
3.021635974839516070e+00
2.831775466887972215e+00
4.258824266016494775e+00
3.322757651178153360e+00
3.913920343786004619e+00
4.840007113894790436e+00
4.258007373701540921e+00
4.132971989820580561e+00
4.528248939985361154e+00
3.374217634543901223e+00
3.989151027170970032e+00
3.616930685378124011e+00
3.921892641295798843e+00
4.008520520512210972e+00
2.060527545330629540e+00
3.506960005165798311e+00
3.032604892418999665e+00
3.202506079397805738e+00
3.485838546444645303e+00
3.861609040770096701e+00
3.464517942965512187e+00
2.583929661179797055e+00
4.011972338100483704e+00
3.849477294841708641e+00
4.381113516326396784e+00
4.345678843517129408e+00
3.176519414420201581e+00
3.872912538447199626e+00
4.606330632166313777e+00
3.919579139429903769e+00
4.618560134308658860e+00
4.420081776588316025e+00
4.537836691095679775e+00
4.363590986444174646e+00
3.679392573037808756e+00
1.890390146386776493e+00
3.427417931742966939e+00
3.195246395583016152e+00
3.686574908377691528e+00
4.239751737498441031e+00
4.574696324522859570e+00
3.390248681717607848e+00
3.689861693941466125e+00
