2.124316380412328620e+00
2.063152649374084824e+00
4.031396939336278074e+00
4.235933076504908357e+00
4.999047356159247002e+00
4.325710462523463029e+00
2.242090865829564184e+00
4.910321389320483121e+00
3.983991278264085611e+00
4.638689086804564710e+00
5.019810853378295690e+00
4.592194719175039630e+00
3.624889520659583031e+00
4.338389374151857325e+00
5.548909132415936973e+00
5.616033472516015479e+00
4.245919544490924125e+00
5.617214642772857758e+00
4.300106845369291442e+00
5.174611103362967590e+00
5.929749054248346418e+00
6.094438008988636746e+00
4.413382818920293715e+00
5.164258902229055259e+00
5.704472551442930417e+00
5.564454252967606429e+00
4.525194410536808043e+00
4.546852935184870326e+00
5.180739282785463473e+00
4.737488588351051355e+00
4.937088378626553364e+00
5.462874930569942222e+00
5.517714201467400770e+00
5.237171797770972859e+00
5.435522340707379385e+00
5.680999430741850098e+00
5.703263548039251063e+00
5.283177128233795372e+00
5.695589027075604882e+00
6.271284763954487751e+00
5.403563868862526931e+00
6.035715069394242960e+00
6.274743000339290333e+00
5.816797610325230572e+00
5.619942741017788457e+00
5.375819425416311859e+00
6.282363776007877654e+00
5.151591955894653019e+00
6.292745159155727741e+00
5.938757751475347568e+00
5.035957646679764643e+00
5.950487840578598586e+00
4.294208879599220374e+00
5.325856155864220121e+00
6.005600784223807942e+00
6.411170948469719910e+00
5.822356876800488301e+00
5.115408853062866079e+00
4.844118895579873296e+00
5.108759035782537872e+00
6.058629608388021559e+00
5.745894400959445036e+00
5.445127500256151443e+00
6.688499482392785467e+00
6.461902962387810589e+00
5.196978262919016878e+00
5.353351997875170909e+00
5.744000240385147116e+00
2.370633412763053283e+00
4.672447216617194421e+00
4.777943476187899385e+00
4.740463528730318288e+00
5.084210169766282483e+00
5.211202991719025235e+00
5.244923538853673683e+00
4.344714958223922174e+00
4.608123082745545496e+00
4.443079503330046975e+00
4.646477148312863292e+00
4.837778447065620213e+00
5.530549591539586807e+00
5.123227309091141990e+00
6.216911342016053332e+00
5.086985920587215659e+00
5.499575963176642546e+00
5.707239881505787871e+00
5.064919705660103411e+00
5.166065444571605880e+00
5.759887833042908412e+00
5.926242973461988583e+00
6.078726858034089631e+00
5.898986340515307347e+00
5.278487361156369850e+00
5.674016304738843886e+00
4.973923901828388949e+00
5.125799712682102438e+00
3.219523401524087891e+00
5.308269824457716446e+00
3.445083576598811703e+00
4.847367324169075786e+00
4.440251987752328766e+00
5.309501796060048129e+00
5.289273298210733998e+00
6.220730905736024496e+00
5.291093896339114089e+00
4.831975241789943532e+00
4.638781747130019895e+00
6.052875132100184352e+00
5.635083532958548247e+00
5.523727053586020119e+00
5.257829014405958290e+00
5.795898871870528879e+00
6.824145163276782000e+00
2.734518799286354884e+00
4.218534721187522152e+00
5.467417077615421839e+00
3.242364714063451281e+00
5.599969545885326028e+00
1.141391940723394338e+00
1.824066688384325285e+00
8.202316551047386106e-01
1.265588964635115055e+00
1.317500274343049060e+00
5.090140692525586985e+00
3.626907829635680258e+00
1.449755347193723010e+00
5.016293119033603531e+00
5.439671918300228448e+00
5.588646607643516617e+00
5.198321962620824799e+00
5.262079049032503342e+00
5.387564014974273618e+00
4.743361720065948361e+00
4.834628613974039091e+00
4.966468394281447374e+00
4.505498140953689834e+00
4.859240002452149376e+00
4.766419163976938655e+00
5.294131152579835131e+00
5.551168727757269217e+00
5.101209555157645070e+00
5.356950740794330201e+00
3.189967445423869563e+00
5.183392069565810445e+00
5.017987844591827340e+00
4.759475976792920449e+00
3.853600156149488143e+00
5.376100111530388581e+00
4.778706913003587076e+00
3.596363383579840534e+00
3.790205705692946125e+00
5.481241115518059814e+00
6.028247840004408609e+00
5.196829314530234889e+00
4.192109246101678011e+00
5.323034883459235367e+00
4.930857281295351946e+00
5.086553781990271084e+00
5.774068672966679472e+00
4.741830469832153838e+00
5.072387020021765558e+00
4.979881227055346749e+00
5.568898108750103049e+00
5.164962852560392115e+00
5.336093663144144905e+00
4.552217541705021020e+00
4.574839669054210134e+00
5.211502207289516519e+00
4.419441066184281119e+00
4.542133425108316302e+00
4.574193305962614531e+00
4.907460392425061713e+00
4.648369856634253061e+00
4.981323082461527108e+00
5.281288978433859249e+00
5.389114648743531077e+00
4.838088877449373548e+00
5.402865433018932073e+00
5.503831745368903405e+00
4.852482407882239279e+00
5.347259639824592625e+00
5.796824047668470925e+00
5.507379105667634889e+00
5.211900357582824661e+00
5.539598882117561018e+00
5.222523226006004826e+00
4.889479063428557204e+00
6.031544361650942321e+00
6.263502767812944683e+00
5.488610345017311154e+00
5.004817675690447665e+00
4.670475464302282553e+00
4.044475246228548038e+00
5.263991739439453532e+00
5.141429013478671095e+00
5.234276098084780671e+00
5.502719735197789674e+00
6.160784075843010577e+00
5.370691490607984342e+00
5.286498781363776267e+00
2.954505234138166347e+00
2.817667873784539534e+00
3.926560576908294742e+00
4.813411978080232245e+00
4.120958138892827805e+00
4.516421233684539516e+00
1.868446995350211637e+00
4.644023541124229659e+00
4.614620845985101028e+00
4.330212171550272160e+00
5.645589414675057149e+00
5.098050396966314679e+00
4.352328160371647492e+00
4.773965652594314157e+00
5.892480442907058524e+00
5.039141507394645281e+00
5.302701213249990886e+00
4.103529455045586083e+00
6.133054818332158042e+00
6.148650580895591133e+00
5.154391390908521942e+00
4.396848279385536351e+00
5.517446760504005177e+00
5.520110966943158282e+00
5.228337679373700198e+00
4.599688313446670840e+00
4.653586597101032396e+00
5.398678538083587775e+00
5.574421827229370408e+00
4.649183360828223144e+00
6.070523857436106674e+00
5.573412142360728794e+00
5.200832759031954744e+00
4.781626588977327508e+00
5.476849872493003701e+00
5.146432373188311260e+00
5.449841924375991908e+00
5.918720451101209257e+00
5.712544692375848499e+00
5.599965140700775557e+00
5.867692202133925505e+00
6.325110579156804747e+00
5.549768307832040115e+00
6.631324649856884079e+00
6.393054336245387326e+00
6.129385906940798101e+00
5.484391353178065032e+00
5.765123217008976120e+00
5.137571416260267476e+00
5.986625733000251692e+00
5.127163126232703760e+00
5.789766289479669759e+00
4.941790765249849393e+00
6.067537293062898129e+00
5.212705693689690278e+00
5.969281159975924567e+00
5.241807133842842248e+00
5.216007428063185181e+00
5.500267391269322736e+00
6.640279743318037831e+00
5.993183810210830131e+00
6.247703313566299599e+00
5.690864625234954843e+00
5.603329306856450032e+00
5.032105590703553233e+00
6.308987037398403608e+00
5.933297676545225663e+00
7.254958782038414711e+00
6.333936213968701878e+00
6.415580520503398887e+00
4.510649790898233924e+00
5.222047841866803708e+00
5.294307827329978622e+00
5.508323750060337254e+00
5.056980271598197518e+00
5.159287445050992460e+00
4.907401044912089283e+00
4.561677757817768963e+00
3.858409686226410784e+00
4.455908791115118284e+00
4.383074798979827769e+00
4.969085150972116338e+00
4.278310106077515940e+00
5.070585287667851659e+00
5.598672909895607397e+00
4.751241468059025586e+00
5.610336633927717642e+00
5.828019060711890020e+00
5.325844968037309890e+00
5.733391025854683853e+00
5.233760579358263776e+00
5.419067582585025633e+00
5.717780876579080740e+00
4.976553597730682732e+00
4.903972640636009572e+00
5.211970938724338254e+00
5.090819587371714583e+00
5.956174501782942166e+00
4.959698813095828385e+00
5.674989348490810492e+00
5.633916435833946856e+00
4.948852600204500796e+00
4.244589475357670949e+00
4.550583862804122859e+00
4.548601623358098145e+00
5.287555224492248129e+00
4.958543253834497122e+00
5.712440648382499653e+00
5.625045677569547209e+00
4.940525738825994218e+00
5.315012262599380755e+00
6.188373751665752209e+00
5.298027939936029718e+00
5.504431392913293308e+00
5.276902330844523981e+00
6.011074353716727714e+00
6.983775807306412453e+00
6.331414348437797379e+00
2.167870020867041170e+00
3.676433949931455114e+00
4.766815023712852373e+00
3.978361936213160810e+00
2.193774704937816455e+00
5.437969603286928688e+00
2.441727603741512098e+00
1.716305787274745365e+00
4.797516622513768425e+00
1.995020437395313317e+00
3.465147492688701814e+00
1.972415972107079085e+00
2.066484364753132574e+00
5.329261143076043261e+00
4.986234758780012655e+00
5.151499579908429993e+00
5.127249739849188082e+00
4.361904518222062599e+00
4.985172571596661939e+00
4.630602265330935552e+00
5.139743389265341023e+00
3.318335719316666932e+00
4.610538776700564334e+00
4.408775700593698055e+00
5.527769079612980363e+00
4.609466571613709540e+00
4.987553773065269702e+00
4.488423907913492883e+00
4.480479169535372286e+00
4.686897875511498057e+00
5.023322123613398915e+00
5.117366131767163928e+00
5.239063036498871284e+00
5.214471377228797166e+00
4.719680064641620376e+00
5.295270416891916909e+00
5.757376194359101973e+00
4.841567724530770889e+00
5.347187766073820292e+00
4.416983576127068822e+00
5.044683067720271197e+00
4.789925420717457527e+00
5.445294247736982562e+00
4.930135165888931859e+00
4.903200626617203461e+00
5.450079141819889728e+00
5.323792705402877523e+00
5.302145907581638618e+00
4.111047368837867033e+00
4.761538427053725542e+00
5.643139369268424410e+00
5.192539875422251150e+00
4.796458660570202426e+00
3.363227883309769517e+00
5.006981367240438630e+00
4.750772463234738119e+00
4.147822265644260042e+00
5.145680811458630544e+00
4.713476151569468087e+00
5.423641491082844546e+00
5.015220306829649033e+00
5.767284788871375412e+00
4.918830475507231625e+00
5.977258354824958708e+00
5.781522105293761093e+00
4.466064480745437493e+00
5.857633235263319804e+00
5.124914860890689816e+00
4.714529368940136855e+00
5.186176918276149905e+00
5.957096355261851883e+00
5.499864514313607344e+00
6.128671852908599504e+00
5.422698135365774164e+00
3.554049994000348267e+00
5.201663009501502621e+00
4.441243080441770630e+00
5.573909429830134599e+00
5.881233110654038754e+00
5.935400899627723881e+00
5.645966863621624476e+00
5.064890575088076830e+00
