3.511282722565224557e+00
3.729847219279768922e+00
3.464237260889275749e+00
3.303046400160469798e+00
3.213434680551970679e+00
3.376826111109729300e+00
3.111448143876400341e+00
3.523252521983632146e+00
3.011256683078289864e+00
3.070695710183430460e+00
2.935085722088568883e+00
3.051870569558933433e+00
3.014369416493687837e+00
3.319209324228945768e+00
2.779188775502291708e+00
2.925301967969955452e+00
3.396695725699441226e+00
2.760564996385597158e+00
2.930180567542121750e+00
3.247108644225965346e+00
2.699129600357201841e+00
2.838101404035922926e+00
3.334739949825924921e+00
3.104518291713106226e+00
3.143254789612947686e+00
3.164831673402481282e+00
3.294057896625168791e+00
3.407443461603383739e+00
3.328407288269729758e+00
3.331110984531690189e+00
3.511472603377551405e+00
3.486479037454157215e+00
3.384015317133747924e+00
3.004949229118093257e+00
3.442294956836648989e+00
3.156403163663074718e+00
3.480167234140921106e+00
3.269491616778076981e+00
3.189322678388354149e+00
3.217638009661974774e+00
3.278788479172192627e+00
3.648610678300546972e+00
3.015532656897605079e+00
3.240211827351854978e+00
2.918531444541101916e+00
3.479541666374483366e+00
3.217660063877695098e+00
3.037499871684431252e+00
3.283094102013209170e+00
3.313129722984506031e+00
3.331721406118361539e+00
3.417645516059715227e+00
3.130566947771947106e+00
3.222582360740141372e+00
3.200703400233170015e+00
3.105782710204812336e+00
3.268152299983820175e+00
3.493207897006132434e+00
3.201239173942096006e+00
3.396074386382468280e+00
3.323991087888793050e+00
3.018977013271123777e+00
3.245284488989446547e+00
3.242866795967463744e+00
3.286359333535048943e+00
2.911125557448019929e+00
3.247018737044726322e+00
3.091106993337960684e+00
3.895569155963131358e+00
3.961233831895026647e+00
3.724061860753854702e+00
3.917272171250379298e+00
3.435596191672360078e+00
4.009177504500112121e+00
3.611806533691445331e+00
3.690296567860608334e+00
3.810929172206381388e+00
3.645327717466393391e+00
3.747973410991813026e+00
3.810494616923827849e+00
3.675855030417694014e+00
3.711776042515384066e+00
3.623011732885570435e+00
3.548418358019766128e+00
3.326459303476517970e+00
3.734343352888279011e+00
3.691366089431345809e+00
3.549951274374095966e+00
3.758987816778954105e+00
3.858544254025076281e+00
3.815377632057505686e+00
3.645089661165193728e+00
3.773954938118285973e+00
3.672761595534337786e+00
4.097899567746265070e+00
3.950395537026597736e+00
3.801569459735934409e+00
3.557846946328115045e+00
3.200227702772992178e+00
3.391755153338554596e+00
3.331489987374195216e+00
3.309574295904781138e+00
3.698498327744552672e+00
3.615606246651619671e+00
4.150143352242061212e+00
3.406321860615073138e+00
3.242106701542402547e+00
3.306273893330925251e+00
3.342108024876694561e+00
3.400003079500705905e+00
3.281277160200063214e+00
3.361422808140297480e+00
3.222236990548079660e+00
2.207732387286725828e+00
3.133357970698176231e+00
3.265496543002637253e+00
3.507697434410696591e+00
3.481719727132754905e+00
3.086587247145943458e+00
3.140750930804018459e+00
2.767399451838462809e+00
2.147642557936955576e+00
2.322342835697905006e+00
3.891231110893842438e+00
3.571788949954227466e+00
2.627116132610232135e+00
3.559693075789600147e+00
3.909624976136060859e+00
3.637912633210345970e+00
3.545424027419870949e+00
3.585819532129371101e+00
4.008735400811001881e+00
3.656323501425527311e+00
3.692333519906054295e+00
3.700370678593388973e+00
3.679705044472735054e+00
3.715680240286274749e+00
3.466360140594683781e+00
3.776061951190762489e+00
3.760280867520023662e+00
3.668785423872885865e+00
3.547919082156469894e+00
2.797509391034928239e+00
3.409930627125544511e+00
3.590924894798398714e+00
3.017603482744252386e+00
3.077698516359333336e+00
3.639120063562661933e+00
3.877975096618138107e+00
3.776934294193553310e+00
3.595744943169461028e+00
3.964224838124570827e+00
3.606213345710146623e+00
3.798233148009252158e+00
3.647005086381698735e+00
3.654772534512071402e+00
3.736548798945114491e+00
3.725578325794443479e+00
3.632415424408832472e+00
3.612768859446774172e+00
3.743077806320980638e+00
3.734922084421055111e+00
3.665193783523958082e+00
3.820869562180310375e+00
3.501001055211366175e+00
3.826292198386526788e+00
3.683727152544516326e+00
3.941768866905555058e+00
3.715207259945763507e+00
3.685167702266624268e+00
3.501537963015677324e+00
3.613181135956836432e+00
3.750008153794730070e+00
3.604351516831017399e+00
3.846064309749778865e+00
3.698869430670340019e+00
3.220602980212407651e+00
3.900139522009495874e+00
3.883369515701001973e+00
3.651694927668806212e+00
3.881377309537412224e+00
3.713844175154824345e+00
3.635949334869816862e+00
4.122816312310169984e+00
3.841422366987837123e+00
3.671425194754789345e+00
3.926036186586387977e+00
3.706437108548101378e+00
3.432032026594129093e+00
3.700203994949517572e+00
3.546783828835457175e+00
3.763430245429598919e+00
2.923585868745342875e+00
3.147837632580841039e+00
3.478883564130106354e+00
3.521141072450632237e+00
3.313713193908614851e+00
2.980521520611823849e+00
3.337200465705291830e+00
3.498748400450443885e+00
3.315954853121564572e+00
3.723973804551320210e+00
3.614458366009260626e+00
3.425528580883975494e+00
3.463526540803701703e+00
3.145727323545718157e+00
2.947608658537494541e+00
3.032510861180683914e+00
3.667852889058091481e+00
3.464841982239728502e+00
2.970137314770958881e+00
2.876421803705633717e+00
3.033683019093162514e+00
2.858989017841809588e+00
2.765174110821123854e+00
3.573939205955907195e+00
3.279141954307909224e+00
3.084827825629082643e+00
2.669298064646331792e+00
2.829785085100026354e+00
2.897305577054859249e+00
3.399038095617729738e+00
2.903039795348604457e+00
3.173245533494970072e+00
2.878171755381071506e+00
3.252789108766344306e+00
3.466396777053493583e+00
3.382647100250371519e+00
3.291394921085142311e+00
3.502423417497272151e+00
3.549736667935964540e+00
3.566739618442066106e+00
3.222466773979904442e+00
3.013443916817446944e+00
3.215559858545187666e+00
2.833831203593276893e+00
3.299569889482099061e+00
3.427735349103458340e+00
3.086154197876365579e+00
3.239553819331917772e+00
3.323869958449572781e+00
3.453407605026278748e+00
3.326009986678279962e+00
3.494575329798690788e+00
3.110154808800334347e+00
2.942814928105785821e+00
3.525594109736363002e+00
2.912735381924393963e+00
3.351805789879738207e+00
3.286108359379420474e+00
3.348022868900601079e+00
3.302980413846029695e+00
3.395272610144749681e+00
3.182368006394302284e+00
3.261284124291194519e+00
3.344268836248899923e+00
3.314358510401330449e+00
3.430968207803798631e+00
3.134500341826255365e+00
3.032860184651700042e+00
3.290235167306453157e+00
3.125977414915816599e+00
2.834649188968917599e+00
2.761456739143623107e+00
3.162493450335634115e+00
3.337333817784625456e+00
3.286826148882370457e+00
3.068781324723184323e+00
3.129415572364826925e+00
2.997415279296288926e+00
4.023211276103458189e+00
3.710129595796812563e+00
3.728063916956149804e+00
3.660326906828939464e+00
3.530858478537485912e+00
3.602181124358304398e+00
3.621212401396511016e+00
3.913966321656659808e+00
3.669281173764368909e+00
3.693042122277284456e+00
3.938653637664391027e+00
3.837352155457235181e+00
3.657524568622432692e+00
3.818569509176312327e+00
3.531661683119879047e+00
3.768669954986619608e+00
3.577730927645714321e+00
3.633229442354341199e+00
3.393297360011919395e+00
3.438144054083361212e+00
3.574786953118133326e+00
3.392361347125424587e+00
3.760591104012517949e+00
3.660556354040498395e+00
3.679420896975443611e+00
3.641786831358662102e+00
3.603881699365693692e+00
3.610279959780873682e+00
3.808936555345528330e+00
3.930774261732455699e+00
3.693372058409906344e+00
3.581266755464789231e+00
3.629909481704770791e+00
3.627976801963850750e+00
3.420013354419086493e+00
3.633657372913587924e+00
3.361995118305138863e+00
3.608551316323792335e+00
3.926489566024222277e+00
3.762321132571694537e+00
3.310017915348448359e+00
3.501015451606633189e+00
3.512726949726094006e+00
3.504105203133490942e+00
3.193320487021443110e+00
3.045157488378305910e+00
3.303824486226074164e+00
3.459034618717780951e+00
2.640753705703492216e+00
3.242094172861152312e+00
3.528280309781656410e+00
3.158892379275290985e+00
2.056351977443816370e+00
3.642588071260180360e+00
2.666100311432383130e+00
3.418370112973762254e+00
3.859070796616934196e+00
3.043787716320825787e+00
3.328993618190315473e+00
2.601354677891805078e+00
2.800909896568618329e+00
3.496330953370914596e+00
3.772454104293686328e+00
3.836723781049407922e+00
3.776278363070935118e+00
3.650108525367763423e+00
3.641250580343128540e+00
3.341280832008799884e+00
3.640937081665223563e+00
3.148746897224882879e+00
3.575244313283378883e+00
3.504576762439872262e+00
3.526940860311144732e+00
3.868229600595120221e+00
3.830246223527872917e+00
3.442190128717569131e+00
3.615971427947398009e+00
3.687259108411091724e+00
3.604352698488793916e+00
3.629315991361681704e+00
3.594197148675686737e+00
3.662203216101113323e+00
3.645988642948312819e+00
3.706439482954055009e+00
3.870036382950716281e+00
3.167338378573632873e+00
3.623657256146154637e+00
3.035819869881050792e+00
2.698645123863551820e+00
3.271080030143895367e+00
3.426175068557980374e+00
3.590774351992856772e+00
3.754494848992826483e+00
3.814632464777163001e+00
3.617767026805695174e+00
3.613507873414020466e+00
3.949450866875441335e+00
3.867840636745713656e+00
3.615853837849911212e+00
3.807379279874679945e+00
3.726720550091461082e+00
3.631804778354866148e+00
3.495510196321498064e+00
3.790842849214941079e+00
3.395951210855240987e+00
3.527082055086205870e+00
3.605445230975824256e+00
3.594661657556078804e+00
3.844140990876653952e+00
3.973493741798889367e+00
3.281701619044652851e+00
3.763130747274302301e+00
3.702945893769891139e+00
2.598639238686310193e+00
3.739699764766567291e+00
3.630343989727882192e+00
3.255616430805680750e+00
3.921292940712588937e+00
3.718442657046267641e+00
3.973925170039971810e+00
3.480489218527483164e+00
3.664664282025785980e+00
2.425625703747993800e+00
3.316604022275766006e+00
3.851325098574246653e+00
3.550354215387648615e+00
3.373562070464422913e+00
3.017371930920351275e+00
3.562519415772197995e+00
3.508562506182620222e+00
