9.774552302805096460e+00
8.354650040323791771e+00
8.913417096513041926e+00
8.487593638692114695e+00
8.286308828706243190e+00
8.667888788424139790e+00
7.783069633894569073e+00
9.625982476424679746e+00
8.046805714369304141e+00
9.197288774400369959e+00
8.567267501833878640e+00
9.061807631953080033e+00
9.268416420540967593e+00
8.456271378161417829e+00
7.851134589672892794e+00
8.476408339749374576e+00
7.745698875633886260e+00
7.589921366295102167e+00
7.544972289906701768e+00
7.728982190026498778e+00
8.515317036025784603e+00
8.938155523404766711e+00
9.059278637853960703e+00
8.852873014950157327e+00
8.929098625448695259e+00
9.235762275708836455e+00
9.166885247734613884e+00
9.000411811884591273e+00
8.685591641089944304e+00
8.686059818211562700e+00
8.844325201572237560e+00
9.137845758355510384e+00
9.076914431326565946e+00
8.834790152225025395e+00
9.073446397988641721e+00
8.932705552380060254e+00
7.878870248257977771e+00
8.466045237031536885e+00
8.716819803971237235e+00
8.715626211610944196e+00
7.905437039704983349e+00
8.737202672254953839e+00
8.360641331017927058e+00
9.326860255329460614e+00
9.189493993560732932e+00
8.152535789223003704e+00
9.347841156865767331e+00
8.376851606767486302e+00
9.834577659857139054e+00
8.570961334209611593e+00
8.825529277518453952e+00
8.749484714665801022e+00
9.370225974178390871e+00
9.780151923120261159e+00
8.510273778307166026e+00
8.591012806936644708e+00
8.145964896941210398e+00
8.937001258903261913e+00
8.610292490999752246e+00
1.073349086691716003e+01
9.565584935273788503e+00
1.087334752087526368e+01
9.493737526517843861e+00
1.061262981436282260e+01
9.741972855344728899e+00
9.564398746006480323e+00
9.837922801782392312e+00
9.951965204831825673e+00
1.014740200624542865e+01
1.018090699305077074e+01
9.824382581487046906e+00
1.022461655362327804e+01
1.024149177857117188e+01
9.652077344612091991e+00
1.062412449805592196e+01
1.036131093311380447e+01
1.008237124583840760e+01
9.562808688092665932e+00
9.792241225092718437e+00
9.403300092007887301e+00
9.128925461127321839e+00
1.006646810674319958e+01
1.001336794449881218e+01
9.272909109901751989e+00
1.057964804284821270e+01
1.003366215590135901e+01
1.044009960864496911e+01
1.069471855611258171e+01
1.002532154947903642e+01
9.300348919732366326e+00
9.023006617206405622e+00
9.394706647167748059e+00
1.038653948442763131e+01
1.053138004972714903e+01
9.129735135438856730e+00
9.046752118392777930e+00
9.176510820853962969e+00
9.225853470831617997e+00
8.888265562783436380e+00
9.257469835340375042e+00
1.000130639238023278e+01
9.856304272628882757e+00
9.973701805584399338e+00
7.987266734880362762e+00
8.759109120413189231e+00
1.002658256188415287e+01
9.878296328392451642e+00
8.804657555775268207e+00
6.766362185161268528e+00
8.712051898467123578e+00
9.376308124046611070e+00
9.060447086593171662e+00
9.283842587842636718e+00
8.392417446638432921e+00
8.382046422300991395e+00
7.975503768857794107e+00
6.057174366606176363e+00
6.547441087398144788e+00
9.693442117924151447e+00
1.060787421157877830e+01
9.846343841371181682e+00
9.981644776730188795e+00
1.050430181647212891e+01
9.812279334628305705e+00
1.064345963742649559e+01
1.037858643548429960e+01
9.809122093846111667e+00
1.022440525690513624e+01
1.019650513337946762e+01
1.043557548531640045e+01
1.000992741622348525e+01
1.027542520807664594e+01
8.389879813324434110e+00
9.772398371723811650e+00
1.022452954940989400e+01
9.497687163352424022e+00
1.018720191968528788e+01
9.941061220062548998e+00
9.940611785993276328e+00
1.007572309833160773e+01
9.365232289744533034e+00
9.583358598486610092e+00
9.820297450194770406e+00
8.052270645878783384e+00
9.225775508432613847e+00
1.003398527093754922e+01
7.944100758822149722e+00
8.284988738841626343e+00
1.018945127008419327e+01
1.037288467017626559e+01
1.046963728300039342e+01
1.096222895473100145e+01
1.088480488839017823e+01
1.063940461386297187e+01
1.017811590653889375e+01
9.340697036858145452e+00
9.173685330945952288e+00
8.190240256115735917e+00
9.103717721730912871e+00
9.754727103155602208e+00
1.062293170632055883e+01
9.987777187414053515e+00
1.031298225001150826e+01
9.753096925268422979e+00
1.007594372106320435e+01
8.637448615956662579e+00
1.083354886950636242e+01
1.058965111704095818e+01
1.039612954094191721e+01
1.097860800569445594e+01
1.007050877252773624e+01
1.004272593907986355e+01
9.627196852426450846e+00
9.465392360490184842e+00
1.051717400077476405e+01
1.062396804767197445e+01
1.008999050648378848e+01
1.020043348265085470e+01
9.728635198754050251e+00
9.569038528616040651e+00
9.970514810016714691e+00
1.017688278363805132e+01
9.831059602863227553e+00
1.001338353579578566e+01
9.980027298546515269e+00
1.000011639933285323e+01
1.053960687151295694e+01
1.028170657914810704e+01
9.155839963923757097e+00
9.820259173891237481e+00
9.942857835951738110e+00
7.164297935163696174e+00
1.038481977182958715e+01
8.583173272474233784e+00
9.651042220231936142e+00
9.446665586759559474e+00
9.759248697105512349e+00
1.011855924988533140e+01
1.057872567148878140e+01
9.814041353337458418e+00
9.333791437149766779e+00
9.137398818550277468e+00
8.679822015764354859e+00
8.445835266793132234e+00
9.170208723819508023e+00
8.477334160420451070e+00
7.375292994366017929e+00
8.770707654469386938e+00
7.931058763025130354e+00
9.489524248410772245e+00
7.938113497999659707e+00
8.957964909374547702e+00
9.224527736003608425e+00
7.760581665997132284e+00
8.002940800928740828e+00
8.250549677364970691e+00
7.926796108089392945e+00
7.173675240121985652e+00
7.863758748883170391e+00
8.462855707044695919e+00
8.152743267268228067e+00
8.983091295785053276e+00
9.045579299675283735e+00
9.410473822203293537e+00
8.747079793734798159e+00
8.562516773559762484e+00
9.245960000532534195e+00
9.082561017031384409e+00
8.950877558970601555e+00
9.364248109699525813e+00
9.294560655235603264e+00
9.255542108533459711e+00
8.527944034432675124e+00
8.430319982244348864e+00
8.384745921785480505e+00
8.754632948549238236e+00
7.711497697329642520e+00
7.488978308127574479e+00
8.171520895254186456e+00
8.720938245135895883e+00
8.518330100124224202e+00
8.699586269571158326e+00
8.362565592231069544e+00
9.826196645103157934e+00
9.000075339790292617e+00
8.225975963544604141e+00
8.791464349043289772e+00
7.813010867430163486e+00
9.053381693479177983e+00
8.438484239568184719e+00
8.861183249748314950e+00
8.842430534040520484e+00
9.202528145177693020e+00
8.910659408116369917e+00
9.451839029706864181e+00
8.527189874270968417e+00
8.128538415335288647e+00
7.884382084406792224e+00
9.260596234813665006e+00
1.099362784068146404e+01
1.011613498705034786e+01
9.812246388986862300e+00
1.013814088327019647e+01
9.332087809347873630e+00
9.305659678874743435e+00
9.887828404744361421e+00
9.733769221372105207e+00
1.015760108969003639e+01
1.051333167698678217e+01
1.031349721213121740e+01
1.018618190628340336e+01
1.040609560123332145e+01
1.001337572261696351e+01
9.688630852067266375e+00
1.049306380037235442e+01
1.087001886445704457e+01
1.005228769030100011e+01
9.712401075215407076e+00
9.507874543711562154e+00
9.658429384854315458e+00
9.429604109924635935e+00
9.853224933856409962e+00
9.840615255514620685e+00
9.024172429915894966e+00
9.601785346474375871e+00
9.787114047631993330e+00
1.025570441194583182e+01
9.517796097321834736e+00
1.003030631393173522e+01
9.655054919767350086e+00
9.805324219670024988e+00
9.320079454663847685e+00
9.300721012705652768e+00
1.038936552801173363e+01
1.075687064481863686e+01
9.159106820662449522e+00
8.921170052177762599e+00
9.484588676625060444e+00
9.467582134996959553e+00
9.074272106766532175e+00
8.128734760604634957e+00
9.027413200112796687e+00
9.259089325817901894e+00
1.074514044497485799e+01
1.032631430618404700e+01
1.031402691543110883e+01
1.013656622216443637e+01
1.024757089460210580e+01
8.787307763268815464e+00
9.866357379471899947e+00
8.765293769635441379e+00
8.811603043425705550e+00
7.111135122333419822e+00
8.224606286264908306e+00
9.641959429024581141e+00
8.444811039893426852e+00
5.695386715298465852e+00
9.525061888612503580e+00
6.910129668803191016e+00
9.366887008206090215e+00
1.045079977511235292e+01
8.435646989874788559e+00
8.693376340131951707e+00
7.377759957910875244e+00
1.041570273059256380e+01
1.041157941388821762e+01
1.005341266776207121e+01
1.008417399635910172e+01
1.049146558298909149e+01
9.238577029970546306e+00
9.710751105569352504e+00
9.459271310144904632e+00
9.739466450080859872e+00
9.705934896515712396e+00
7.545647395086153786e+00
9.804579272917333554e+00
9.645767105604194924e+00
9.722860770579410783e+00
9.810367604102834704e+00
1.012938297051798031e+01
1.013253974651050449e+01
1.010585195210908438e+01
9.873756737861610233e+00
9.876976283214823127e+00
1.002045878442681826e+01
9.419178499080448574e+00
9.813283624197239874e+00
9.701321665841332376e+00
9.821764633389275190e+00
9.491660900334993656e+00
8.791361198653616427e+00
8.386509369940098324e+00
9.549280370032320775e+00
9.810598203034237130e+00
9.966075807028955680e+00
6.429631539570912935e+00
8.254926870073031608e+00
1.080748851378761266e+01
1.048132502409688627e+01
9.664467184503214625e+00
1.065246525266469568e+01
1.039640999603407678e+01
1.015558382679902749e+01
1.012118578121514645e+01
8.938026697561335610e+00
8.462238765934056772e+00
9.669699276296045198e+00
1.088204747546591733e+01
1.062715098563172944e+01
9.487608592578760991e+00
1.024907968920237700e+01
1.031869144931942550e+01
6.706822888195730137e+00
1.029290426183715113e+01
9.735760239541811245e+00
1.054734615037264334e+01
1.016170669301822826e+01
1.017792237494824548e+01
9.002586831366404141e+00
1.009636902675322467e+01
9.815193489045370256e+00
9.452954974121871246e+00
9.998661200052366027e+00
9.583499720560389790e+00
1.070569708724101332e+01
9.754494549732717346e+00
9.314480178015640988e+00
9.769222960817545598e+00
7.616383975572516896e+00
9.237712305154115455e+00
1.049326535097850943e+01
1.098074601042246634e+01
1.000402705537683623e+01
9.572711560325476654e+00
9.703134050788776221e+00
1.033841786027779364e+01
1.014439218479582294e+01
9.602006603329384049e+00
9.767961617489849147e+00
9.857096377973173063e+00
