4.445991602582870961e+00
3.921901009184844966e+00
4.231725207124640065e+00
4.378329243998503095e+00
4.750911563282549821e+00
3.891136430984349914e+00
5.177079933528005107e+00
4.036175998050588021e+00
3.775848698674785897e+00
4.333923781332360115e+00
4.346820010580154658e+00
4.174531892481365247e+00
3.804529273066340256e+00
4.087983048163203570e+00
4.913773157875306552e+00
4.253963085021754686e+00
4.659243589704603394e+00
5.521166530580214449e+00
5.580570252318273639e+00
5.581481321531966522e+00
4.986788197600497519e+00
5.034548723543907478e+00
4.625109142671202100e+00
4.523051458499667277e+00
6.177034304913638252e+00
5.615541474118779242e+00
5.638607841720408409e+00
5.424453966505194735e+00
4.552383678722488725e+00
5.882740114020928779e+00
6.063136635305721889e+00
6.298294438892938274e+00
5.950162034329785854e+00
4.953634332529722073e+00
5.039778991567415822e+00
6.127192617498710803e+00
5.665502955678899610e+00
6.144005343888982118e+00
6.423281744538010152e+00
6.152519488784396806e+00
6.023262343466232238e+00
5.377095877596429929e+00
6.049611536051095584e+00
5.103894301521441967e+00
5.204299283884600058e+00
4.494365248410847613e+00
5.426676615036191365e+00
5.276832884885594765e+00
5.293759224810173691e+00
5.290625065789621218e+00
5.647278682066501965e+00
6.465628610155701672e+00
5.263261689700955870e+00
5.450527240565124387e+00
6.049611741851947500e+00
6.271362878799632945e+00
5.998755081816343981e+00
6.158294995445693587e+00
4.930721717624112266e+00
3.818454453743907351e+00
3.357720408828919201e+00
5.011944816944425618e+00
4.467931877665368035e+00
4.736800022736637139e+00
4.609332704545875181e+00
4.625731627174854310e+00
5.036976393695439036e+00
4.676718862449662950e+00
4.259081925026726445e+00
4.589450099157533991e+00
5.148686596545310579e+00
4.778010840156698968e+00
5.360090217129263479e+00
5.446472946616406574e+00
5.164209925137057233e+00
4.112250376857056189e+00
4.971570361496939761e+00
4.705448151961332037e+00
5.743475680259971128e+00
4.623258281727810726e+00
4.948513966404995301e+00
5.694505702167031558e+00
4.959282138289045072e+00
5.416082651799340120e+00
5.989505474472220037e+00
5.886220408474092558e+00
5.654100997968692255e+00
5.456193062024446760e+00
4.353846078682595433e+00
4.664375167304056546e+00
4.171104877712353165e+00
4.914707079354021957e+00
5.875884165149047433e+00
5.015600557024979089e+00
5.315016311475306843e+00
5.398442611750378539e+00
5.477617854414788212e+00
5.853026624564363622e+00
5.722137931581480430e+00
6.398572075403050619e+00
4.982280779676442783e+00
4.972609785077962030e+00
5.261548836938191087e+00
3.739101591349979437e+00
4.058839776891781881e+00
4.951609122449458056e+00
4.828894337814499060e+00
5.123272390353720951e+00
4.092902950128898709e+00
4.514530449214421814e+00
4.690909389733730173e+00
4.178351973129212915e+00
4.540550428087474444e+00
2.935328018926842919e+00
3.409695636320899226e+00
1.697054333384716118e+00
2.356626615320158713e+00
2.545062795402066147e+00
3.899321997569258791e+00
3.779167542792545298e+00
4.485936403200240896e+00
4.866419991113922094e+00
4.791777009882631333e+00
5.042615423702187627e+00
5.296389228414155603e+00
4.429080928011355667e+00
5.377267510432102604e+00
4.353230672678675361e+00
4.878696327241212494e+00
5.836547153327708237e+00
5.296645924867446453e+00
4.823820346624814626e+00
4.680870496262838465e+00
4.306154352853247325e+00
4.365009417053558494e+00
5.034517873814653655e+00
4.799977482763569725e+00
4.633145063414468190e+00
5.042816015129936602e+00
4.984853300007422661e+00
4.212513274818886266e+00
4.538993093661547462e+00
4.935898946861208891e+00
5.047502696917490539e+00
4.967632525724203774e+00
5.156592350398747193e+00
4.857265397089867598e+00
4.198445115255291959e+00
4.804277260043930298e+00
5.141908715298913357e+00
4.923100131510191879e+00
5.006876944263118467e+00
5.129982580283789950e+00
5.054269672285831128e+00
5.267922347622855384e+00
4.837989537712259036e+00
5.455161779864742044e+00
6.092055784314105438e+00
4.933359432958261515e+00
5.171108908619993727e+00
5.006963404755364166e+00
4.876952579380327002e+00
5.320268950256824780e+00
4.868748391844901491e+00
5.227288151494233759e+00
5.313223268152626133e+00
4.974327335962178687e+00
4.184522320561379516e+00
3.919674177150533900e+00
5.016447990095480591e+00
4.881746206774145946e+00
4.336259014220554597e+00
5.076306038189460246e+00
5.610255702506156794e+00
5.521764685610428991e+00
5.408612907039008100e+00
5.295233568293930659e+00
5.072089662783504593e+00
5.018334433763585345e+00
6.057156825896546692e+00
5.329085929447731296e+00
5.109377442162942984e+00
4.768586349104532829e+00
4.396694320598304451e+00
4.476378225147799483e+00
5.042969548663574386e+00
5.199591799839717865e+00
4.835782791230856859e+00
5.017936810218701638e+00
5.266207340303226125e+00
4.738497861410076339e+00
3.014153650188592604e+00
3.482591787321575705e+00
3.516553083226947152e+00
5.107011330630668589e+00
4.932223435504330844e+00
5.125741939921194756e+00
5.227564111231611577e+00
5.453630763673046999e+00
5.436845925545143565e+00
4.119451014485028040e+00
4.162733654893228774e+00
4.526073526983926065e+00
4.907090989865465325e+00
4.139847433262212384e+00
4.588730516666363002e+00
5.357825578064963956e+00
4.057658522620697816e+00
4.525767358332880796e+00
4.581636785010887003e+00
4.729221046096268921e+00
4.194043576611860225e+00
4.204971262550317057e+00
3.084362863638176133e+00
4.982574031076320686e+00
4.552900754150090989e+00
4.246077846843554049e+00
5.603061507765676907e+00
5.341743347646372264e+00
4.838253407557910002e+00
5.019194902176860040e+00
4.406697828123918192e+00
4.967110619050260745e+00
4.796368614596667079e+00
5.344091919207940578e+00
6.008325919162284201e+00
5.322358496731049549e+00
6.513272814664543553e+00
4.888297024776070643e+00
6.325357090376409808e+00
5.138428214381700165e+00
5.115615608024341121e+00
5.303101811640541285e+00
6.158672407909828728e+00
5.679315251905133088e+00
6.310835699058402248e+00
6.143335492098248807e+00
5.551602553175507104e+00
5.660021831763334177e+00
6.126673156934896447e+00
6.620548937744055173e+00
6.273972581325101494e+00
5.916982073271644715e+00
5.988713812163375394e+00
5.114916651220354105e+00
4.775928734695389366e+00
5.224747103399780990e+00
5.244101178887683901e+00
5.316882783801081480e+00
5.556834411947044750e+00
5.511643236912865618e+00
5.729523166263414957e+00
6.498189288092359739e+00
5.324435173116857989e+00
6.207723631799268560e+00
6.172480893987156492e+00
6.039649957150897919e+00
6.161349143442740761e+00
4.014721006778627199e+00
4.212070046301695569e+00
4.041599191183333772e+00
4.056396703526576886e+00
5.043201802080415241e+00
4.125331658546497415e+00
4.833751719879396447e+00
4.430583074703852375e+00
5.094179641969780015e+00
4.877067531675167267e+00
5.229919563005295480e+00
4.835823253000605781e+00
4.651165825246577512e+00
5.726700155187983476e+00
4.566310937808016668e+00
4.763261633363772951e+00
4.837778391691702318e+00
4.706140712717658658e+00
4.188194768301677584e+00
4.583231893727591100e+00
5.964749242493166292e+00
5.330030744065485493e+00
5.467903319672415385e+00
5.993771686725722248e+00
4.921925222441791981e+00
5.290708394384141755e+00
5.377676120921704772e+00
5.958476479990337360e+00
4.967787814360770327e+00
6.405242473403096604e+00
4.177533032324840079e+00
4.741962614918441510e+00
5.184193375580150587e+00
4.374624569735948931e+00
4.768502169335434360e+00
5.383995584767048648e+00
5.404160569321299512e+00
5.957326691559750032e+00
5.633692196672158481e+00
6.107309330242423506e+00
5.395795524274006105e+00
5.703483993915914319e+00
5.868687602017202742e+00
6.350873076607050471e+00
5.388848826474577081e+00
5.216128846355839066e+00
4.436897426952987722e+00
4.657351737661491242e+00
4.842694600282678508e+00
4.753471793269228307e+00
4.062244315857149957e+00
4.783906847091347281e+00
4.827537048970361511e+00
5.590884475776952911e+00
4.239785551184790613e+00
4.741977320596995504e+00
5.564601645302698962e+00
4.486619851549458637e+00
3.110809014129075400e+00
5.229704990531670816e+00
3.475456897861592953e+00
2.842411932674419273e+00
4.482527096725220872e+00
2.158773632064063808e+00
4.347160449235779822e+00
3.132884108468213302e+00
5.158551376617512396e+00
5.235934721643801915e+00
4.497073079141160612e+00
4.467571610823116934e+00
5.121551459299883646e+00
4.827585943563551751e+00
5.139904198817045078e+00
5.217046321406673570e+00
5.521543244332299594e+00
4.707571169331651539e+00
5.190173676033169592e+00
4.042623494699808973e+00
4.260787724505072482e+00
5.113518016561535262e+00
4.996822703629276496e+00
5.186732767736912386e+00
4.738393645278961230e+00
4.993705805454609958e+00
5.325855720874129950e+00
5.668469757022133848e+00
4.946837236592020126e+00
5.038216091901503546e+00
5.120586834943373411e+00
5.074403969677564241e+00
4.942200926897628577e+00
4.989407005217025848e+00
4.912046707536165790e+00
5.066041792534186960e+00
5.169518057842823922e+00
5.045312539634391413e+00
5.568447644223303072e+00
3.950542781567277117e+00
4.641783928409863869e+00
4.049751868229765961e+00
4.949703386973984820e+00
5.146907064715752433e+00
4.738263112053215487e+00
4.701009848309519512e+00
4.986844877587702562e+00
4.894134463065729079e+00
5.079638345112822861e+00
6.004754792102514394e+00
4.651310550839499847e+00
5.369545275299326015e+00
5.830712903625352439e+00
5.206960526720623150e+00
5.045839310715911630e+00
4.951733183970022267e+00
4.975860735979289018e+00
4.470903973228500305e+00
4.346342694529620410e+00
4.113158953152892927e+00
5.532095365026853173e+00
5.427139425518725524e+00
5.097750852565016366e+00
5.392206410018858698e+00
5.647112068627084369e+00
4.688200103960831200e+00
4.374627856637986589e+00
5.306484739875507728e+00
4.919865363398501223e+00
5.019594736514111588e+00
5.369710052698649427e+00
5.224212950481288864e+00
3.217996042827505843e+00
3.592882962806254632e+00
5.063453402008782689e+00
4.718889222930166660e+00
3.842531251808879666e+00
5.224160889719597911e+00
4.281696381035803967e+00
4.769640713527340203e+00
4.572886320987083586e+00
5.386758832254162854e+00
4.730807033260639116e+00
4.881520378088104017e+00
