3.081796538967382926e+00
3.418472853693816038e+00
4.781736899705331112e+00
3.995903741104878559e+00
4.307777039506233585e+00
4.184039131925147537e+00
4.153392386599880304e+00
4.624289112346519737e+00
4.554927116943387588e+00
4.777356162463382461e+00
5.224381954296023700e+00
4.621471403040467330e+00
4.322262347765843060e+00
4.442984944640377520e+00
5.053825155834677396e+00
4.854588281745161993e+00
4.518792123736635524e+00
5.280185964817432520e+00
3.940375633257136911e+00
5.648703664805628577e+00
5.335150366478085715e+00
5.572698962543550572e+00
4.763824098945037555e+00
4.566230166677422098e+00
5.463576303739698936e+00
5.187406482356744064e+00
4.920673616804200456e+00
4.197860873890964406e+00
4.623973667510458796e+00
4.492949324932227206e+00
5.302397401082369122e+00
5.135105510639141890e+00
4.969690383024951252e+00
4.898127675657902635e+00
5.476411429965216904e+00
4.883736574246643869e+00
5.537963310250560767e+00
5.190598675120870809e+00
5.384442046275061955e+00
6.347415701056165815e+00
5.353263010306815062e+00
5.554431264568628457e+00
5.777451694136209959e+00
5.309148344476177783e+00
5.930197568033432454e+00
5.182581131215299841e+00
5.517839294032341080e+00
5.060476704664846892e+00
5.717559891458278365e+00
5.102280922318403356e+00
5.278243061187700036e+00
5.164745748405840331e+00
4.413566331240973639e+00
5.233194710217754952e+00
5.587325086801544494e+00
5.359115518958065927e+00
5.232611220078688063e+00
4.816571006332369009e+00
4.892594310477305086e+00
5.158249274971964837e+00
5.420943390191474975e+00
5.594299008060225731e+00
5.832021809147103220e+00
6.301206564133463139e+00
5.844843037807875064e+00
5.585209446835884606e+00
5.149499946641843628e+00
5.586110243420012722e+00
3.794290444779526705e+00
5.743743509927583091e+00
4.999091516064628316e+00
4.991291529067902744e+00
4.452935862644561205e+00
4.987831869356805115e+00
4.868627872665670431e+00
4.631862625276138345e+00
4.571466569997709506e+00
4.608012062755150851e+00
4.770313590865641551e+00
4.756936216530416317e+00
5.463487382432496986e+00
5.133517103295430317e+00
5.369348375086163472e+00
4.846373912569065467e+00
5.007810170737265310e+00
5.681265658442408828e+00
4.534331174124434760e+00
5.113246049109069880e+00
5.569380546560047662e+00
5.567962537194498296e+00
5.917057331810349652e+00
5.425156457251450348e+00
5.620297431544550193e+00
5.487946837953029622e+00
5.387502198366142636e+00
6.067732929974394729e+00
3.949038519331450114e+00
5.295636638889133607e+00
4.547460093958838101e+00
5.106216341563226457e+00
4.436431785950086137e+00
5.325696402297526610e+00
4.779862954282745768e+00
5.789132314067550134e+00
5.137492569266905562e+00
4.731756725715367651e+00
4.897257641966800357e+00
5.621849494785887913e+00
5.100244345264251855e+00
4.931872483614835545e+00
4.976650351019318741e+00
5.150664139495653160e+00
5.968293880222994119e+00
3.893445688869124233e+00
5.444857384391116106e+00
5.797203612837721565e+00
4.251059380413567901e+00
5.225023415221226486e+00
3.587901493541254538e+00
3.117156565624580988e+00
2.813435896788292201e+00
2.360679467075040616e+00
3.487502705384489143e+00
5.088912517041388028e+00
4.100306587663394176e+00
2.967556598619531805e+00
5.432214601866918180e+00
4.876526257765964267e+00
5.465860661774909701e+00
5.382402588470583282e+00
4.864096005926023203e+00
5.038539223697481972e+00
4.408366470757057343e+00
4.763299456333704995e+00
5.188628675600943652e+00
5.056912227809104543e+00
5.497192749191846417e+00
4.918643266147471493e+00
4.611593378945126886e+00
5.886422199616107243e+00
4.895218962515698991e+00
4.549875383651069249e+00
3.985966543276745711e+00
5.271258401811253158e+00
5.526016785504130446e+00
5.265186602593618481e+00
4.625124845643267868e+00
4.437666580926103777e+00
4.587523049083826798e+00
4.307894714911428835e+00
4.822901915644285609e+00
5.442613855613983809e+00
6.072138109990309118e+00
5.487830187993274045e+00
4.634878736457949344e+00
5.414637051206206309e+00
5.412940246086747287e+00
4.892999770406695426e+00
5.544018529149884245e+00
5.021050667541776313e+00
5.319107530115886995e+00
5.348031352269152272e+00
5.683275748607689692e+00
4.973639997437471649e+00
5.469331643464713899e+00
4.522926231793690910e+00
4.964534296203804153e+00
5.170220211330569526e+00
5.713272884621884096e+00
5.079248527519674816e+00
4.772532533580620573e+00
5.119623332968371798e+00
5.107320535026155461e+00
5.408879998908401987e+00
5.190128559788842466e+00
5.397942491424813305e+00
5.259800430030369789e+00
5.277574073792590248e+00
5.436153204830836749e+00
5.137746414163830266e+00
4.711941200199696311e+00
5.368692222795719893e+00
4.900035479238210812e+00
4.890751605199483265e+00
5.492179543527264229e+00
4.879226744070048305e+00
5.140910727205342923e+00
5.420042558880893147e+00
5.452023247697554531e+00
5.645016979818277214e+00
5.125358917220109056e+00
5.187063813069223706e+00
4.375924731011083146e+00
5.081980860455762361e+00
5.497825990101214977e+00
5.162034731578100555e+00
5.291410501009004008e+00
5.325239507764301550e+00
5.664997704933933953e+00
5.144489409484817699e+00
4.218169474963544552e+00
3.801422148814747715e+00
4.179983401512457064e+00
4.386936916110517615e+00
4.479398597907567670e+00
4.969713876999337643e+00
3.263877251954725001e+00
5.650751597924440262e+00
4.233368395420026076e+00
4.238737345035555215e+00
5.450792701136660590e+00
5.125244872537222385e+00
5.060900110805330421e+00
4.628809503211424037e+00
5.934975349479868711e+00
4.230346731495186141e+00
5.034454857620890067e+00
4.225622322268370645e+00
5.613265000492940970e+00
5.725524358865058616e+00
4.795598705635245373e+00
4.629204806066759659e+00
4.592757446147166078e+00
4.693453792601734342e+00
4.961266835004912501e+00
4.435617325432689384e+00
4.534838034553756003e+00
4.791501566646188870e+00
5.020798917453437760e+00
4.755614500723376992e+00
5.922789109319996470e+00
5.497642955120982222e+00
5.040502392621393213e+00
4.985039242849105712e+00
4.738614719964813204e+00
5.292050027412502189e+00
5.470265277381148650e+00
5.519284353891012351e+00
5.357267952994400950e+00
5.253253518668936195e+00
5.342397964564673529e+00
6.318569439755095551e+00
5.471774377729531125e+00
5.920426708457608100e+00
5.809493083346094267e+00
5.609183954938320227e+00
4.640299301049748415e+00
6.166052445187643727e+00
4.878329501035113758e+00
5.420621503216959347e+00
5.410701556840541215e+00
5.731408467332710366e+00
4.932143631461679334e+00
5.488256862183590989e+00
5.003171000646771560e+00
5.828919348623950114e+00
4.696509320431116130e+00
4.758750361498434778e+00
5.174391613013027857e+00
5.479893339601833446e+00
5.407352740301503147e+00
6.400178037498784889e+00
5.276798238901770688e+00
5.204408991253997030e+00
5.727694534905950263e+00
5.132649519087839174e+00
5.754139406746567431e+00
6.270423466357688547e+00
6.301748703725007061e+00
6.182391150090974286e+00
4.320418716854393715e+00
4.506263798037002388e+00
5.005172806759568438e+00
4.765724996966618221e+00
4.690179032514792290e+00
5.340522797741574124e+00
5.341597845913081066e+00
5.227105028813890719e+00
4.581451411560173881e+00
5.072755118697240384e+00
4.583934873754493822e+00
5.508654795324012809e+00
4.621721032657268857e+00
4.574455858537466391e+00
6.181541839918948789e+00
4.466278284640908147e+00
6.219039548885698210e+00
5.435912096007276872e+00
5.142821673021732209e+00
5.638630676555298926e+00
4.821730536644669662e+00
4.887650549283614865e+00
5.300059797812575191e+00
5.015705560155526932e+00
4.966527383003850993e+00
5.337203297148778169e+00
5.235277205130632439e+00
5.217257575485757748e+00
4.735164152739471888e+00
4.903455410900350309e+00
5.763457564426325952e+00
4.685463571332062926e+00
4.538239860858471530e+00
5.051818207298675034e+00
4.686798272714031377e+00
5.050286098718636651e+00
5.062050153621036053e+00
5.188734157237527178e+00
5.175884940415233615e+00
4.873457581792377091e+00
5.590370504779611949e+00
5.975307967055094593e+00
5.570049452278505342e+00
4.763869846765149241e+00
5.360985591132077843e+00
5.653652636553113453e+00
6.022733758904634804e+00
5.142921123624389246e+00
3.889490280563410618e+00
4.579866517869101372e+00
5.511929253627011249e+00
4.706221779553876772e+00
3.475764457239296945e+00
5.145306676209952634e+00
3.267180122209561333e+00
3.662445243471681877e+00
4.782207706548514459e+00
2.251774166943017352e+00
4.515354405175920682e+00
3.230571986879232860e+00
3.285203306322600270e+00
5.016800225652071177e+00
4.915369996714568757e+00
5.313328883733714036e+00
4.885798567588309993e+00
5.039244225730642235e+00
5.037980327345705334e+00
4.160876540360540332e+00
4.947282932967052460e+00
3.626951101424369384e+00
4.911867533460043234e+00
4.788401757560510674e+00
5.359870409108835609e+00
4.969045755429439382e+00
4.676272101990368135e+00
5.141077212360703363e+00
4.940025610852541327e+00
4.971358269989141654e+00
4.804310072176268598e+00
4.713228190891067371e+00
4.712496992850955913e+00
4.880987726904556290e+00
5.365184572027278165e+00
4.711564669120526183e+00
4.984103772088674944e+00
5.550582344195450268e+00
5.711613294208107483e+00
4.808477645127073430e+00
4.999689076680178701e+00
5.354515881572525338e+00
4.914189631703088423e+00
5.439620032038646968e+00
4.864030463138348637e+00
5.147075128264256172e+00
4.670972022995381501e+00
5.387385251701476641e+00
4.063691542316211880e+00
3.950974535137165677e+00
5.126672345150269372e+00
5.154180501335442699e+00
4.229911393712378676e+00
3.990290163889451680e+00
5.005750268019496296e+00
5.033560037420301114e+00
4.540605271157520662e+00
5.055525604568893883e+00
5.251699131369776730e+00
5.047609630237721134e+00
5.361921794879728864e+00
5.984999098523041461e+00
5.155085896526905742e+00
5.558040242561394173e+00
5.293296385925936320e+00
4.836575985418424928e+00
5.074182011598815656e+00
4.922401503053667859e+00
5.075068428146691346e+00
5.181123490909515183e+00
5.142581412849877687e+00
4.924128443601664351e+00
5.595933566557167005e+00
5.618974023788447347e+00
4.573249059389257631e+00
4.877785832932556964e+00
4.969222214533382420e+00
4.703695133650368732e+00
5.266268822706440034e+00
5.684522496357455879e+00
5.208444981604087864e+00
5.213140882632161244e+00
