3.457797607966352604e+00
3.757455851549019510e+00
3.567444323294318931e+00
3.444828723566687678e+00
3.212960778679998963e+00
3.327217290193558608e+00
3.113407700788163091e+00
3.663703181614653470e+00
2.951770754605123948e+00
3.098210481495081048e+00
2.949227603350550897e+00
2.951102553246820914e+00
3.123383966458152194e+00
3.208163144441444903e+00
2.867274201891976126e+00
2.785100855531596142e+00
3.457504157290508306e+00
2.645772066833699032e+00
2.977137581253602505e+00
3.379310083645481910e+00
2.766054959462290519e+00
2.877672465569021121e+00
3.439097754688872133e+00
3.112097825460206302e+00
3.096047987079166841e+00
3.120762998124922749e+00
3.374778096271642713e+00
3.631510516510214615e+00
3.201845134222213840e+00
3.325869130564492959e+00
3.511997642892144000e+00
3.481157735871784453e+00
3.317297363596009685e+00
3.021203530565918172e+00
3.353523618990236432e+00
3.048887785319119192e+00
3.521854400552598463e+00
3.159133233893275161e+00
3.329346432601335781e+00
3.328202603363644485e+00
3.325921817440375516e+00
3.644083626202387904e+00
3.032524361907873889e+00
3.120788026689605754e+00
2.904818554740919101e+00
3.543718466374712328e+00
3.305647422620546561e+00
3.143720608664618332e+00
3.393862045275209294e+00
3.190749249830220347e+00
3.324585726304664313e+00
3.469191498795067385e+00
3.216340703150341707e+00
3.103959290943195448e+00
3.080949053754042932e+00
3.227277822694603504e+00
3.321229964642171684e+00
3.511539482658855071e+00
3.247426184594267351e+00
3.331524218521221492e+00
3.284441125397074224e+00
2.945297756356220376e+00
3.249903284582596807e+00
3.184468217655277211e+00
3.216304742091736113e+00
2.795535155561480689e+00
3.204152044578338909e+00
2.972991195609084425e+00
3.592904234003317487e+00
3.875182581473648913e+00
3.733482975388709768e+00
3.637175357609961690e+00
3.487269274416367359e+00
3.840163701916343708e+00
3.561954713337534439e+00
3.675329448001896537e+00
3.774078781310566733e+00
3.629106798949002233e+00
3.716932485347154813e+00
3.860246508356811823e+00
3.754830486310838822e+00
3.679597437996198206e+00
3.628081360123987409e+00
3.502712340161773241e+00
3.250817683616258780e+00
3.683348995038711493e+00
3.658542796761925953e+00
3.551490309232013587e+00
3.602984082217294937e+00
3.912313758565485688e+00
3.738787767326654965e+00
3.563771644908304559e+00
3.970063510323368128e+00
3.672565120180792508e+00
3.877370906832871889e+00
3.871006556924294628e+00
3.678532385723904063e+00
3.588376452157205687e+00
3.263018225859156907e+00
3.358941249243551308e+00
3.346854376204727366e+00
3.493205090127153856e+00
3.715043758015752040e+00
3.691491491380274770e+00
3.848464807854438341e+00
3.514293610371463483e+00
3.016932598525426723e+00
3.373809226757476853e+00
3.425035793963610242e+00
3.405775016187675419e+00
3.208666370050452077e+00
3.508558822508947905e+00
3.240970757331690155e+00
2.301063561531876189e+00
3.240421845326351580e+00
3.525389684967586312e+00
3.509412303924009713e+00
3.595721272344468034e+00
3.064788742401789001e+00
3.124783041077680679e+00
2.783000578700049132e+00
2.193879048473002857e+00
2.319786474478005012e+00
3.997217107426180860e+00
3.549600791413676681e+00
2.620544096344461504e+00
3.556211081040839161e+00
4.079437040664620540e+00
3.757087260633301007e+00
3.674448100287307284e+00
3.551688375555035027e+00
4.078652048655150075e+00
3.720425362754780529e+00
3.755256412706334590e+00
3.529168155961334374e+00
3.642208577382155976e+00
3.680744285948676975e+00
3.467988032550819444e+00
3.819407409228294803e+00
3.680595044147944694e+00
3.673605816946428959e+00
3.585906012139187027e+00
2.999931269825362623e+00
3.286019475368633369e+00
3.557343441354774427e+00
3.012008350184782746e+00
3.131909532104809379e+00
3.504448912602737387e+00
3.907659973484175264e+00
3.931477208907527832e+00
3.552332315838424570e+00
3.859974257207288595e+00
3.685786919045148213e+00
3.801817784728470428e+00
3.619183395275011872e+00
3.409542950219784263e+00
3.614357076204104402e+00
3.738369170198995839e+00
3.552733362413817986e+00
3.713229780459325280e+00
3.705766810862313410e+00
3.632833677065816946e+00
3.696608734005997654e+00
3.743051830268493418e+00
3.453871894244918916e+00
3.751120598905870462e+00
3.588350548599485101e+00
3.963084205997380760e+00
3.567977269708592747e+00
3.577939406503932052e+00
3.331325924044475251e+00
3.560884618032349458e+00
3.880165799785912473e+00
3.611904499406767499e+00
3.810750816047342671e+00
3.724181299799024458e+00
3.155366749831684636e+00
3.899322896306525177e+00
3.807269904193634869e+00
3.599663974866197602e+00
3.791000927865521675e+00
3.700311062001219398e+00
3.764109324597015860e+00
4.016751289994576091e+00
3.687487191977425027e+00
3.659933280779135156e+00
4.012120695773461421e+00
3.832307926211353966e+00
3.531428769179171478e+00
3.566360787447695913e+00
3.724576230900175755e+00
3.603626585789785342e+00
2.844781915459010602e+00
3.072553175124259184e+00
3.592911535247483634e+00
3.455089095095695839e+00
3.240079443757497568e+00
2.920033978588223444e+00
3.135874631238047883e+00
3.575425042712250701e+00
3.461791453825845633e+00
3.630601692809629633e+00
3.501395659223952794e+00
3.298807864688132252e+00
3.375663706804729269e+00
3.095117644167605597e+00
2.861980235628450053e+00
3.032148853142611067e+00
3.691053638750679156e+00
3.485611244372059936e+00
2.930840454557539498e+00
2.912060292562369757e+00
3.049527158102548263e+00
2.919830189148491684e+00
2.830535807288061090e+00
3.544817542894390883e+00
3.160211140535673646e+00
3.153163251613443574e+00
2.635862729410995531e+00
2.889084477236568915e+00
2.918887040338314254e+00
3.362888392070808141e+00
2.852395828043569725e+00
3.195950292302903062e+00
2.861496887050888560e+00
3.209108373117694146e+00
3.343251623959115015e+00
3.169874059402597144e+00
3.332481430164819791e+00
3.315238204628899066e+00
3.649830207895898404e+00
3.568725554859319082e+00
3.047472688082864423e+00
3.122684364985872207e+00
3.226269396819142266e+00
2.673021602247112494e+00
3.342926883039162966e+00
3.477427922903082891e+00
2.989982664685085556e+00
3.170878042682447884e+00
3.267867868113931262e+00
3.212817638141986620e+00
3.273852143752622457e+00
3.533134729383835548e+00
3.174448658427762471e+00
3.001995322813470590e+00
3.584614905047330158e+00
3.009460012848814259e+00
3.326701455866880153e+00
3.278290376769060099e+00
3.298832770525705005e+00
3.314452645491991145e+00
3.447360781593709955e+00
3.234639114462975584e+00
3.191403518813928031e+00
3.375486743857472050e+00
3.289465587539804226e+00
3.288239505160034604e+00
3.085693684430965256e+00
3.085430363097399820e+00
3.186525814789669120e+00
3.267085750765211571e+00
2.794278166800013619e+00
2.743156095092568414e+00
3.032227758913769389e+00
3.345207566757617546e+00
3.330214191124297507e+00
3.080497373043587839e+00
3.109187602478906687e+00
2.947064043326612648e+00
3.945292093361991714e+00
3.672193719709889503e+00
3.867922452236125075e+00
3.681797015365227299e+00
3.564493105447134269e+00
3.700719620649291830e+00
3.578652623477164951e+00
3.798067476931036968e+00
3.724433388160608871e+00
3.852129702444160309e+00
4.029970826919280213e+00
3.808013184219163350e+00
3.591550689176356226e+00
3.758137101810562708e+00
3.558874769808575422e+00
3.636053994034263770e+00
3.594158107560909254e+00
3.552050420083777027e+00
3.370398848379175138e+00
3.502289578343540821e+00
3.589095416257411131e+00
3.422037880604265503e+00
3.724001783068430882e+00
3.761046813320791937e+00
3.479759160386775019e+00
3.470607199251411146e+00
3.657467274850462857e+00
3.596646519600263936e+00
3.767538978198601285e+00
4.001804546451876554e+00
3.532410515603587875e+00
3.666355733202954603e+00
3.645037579456960497e+00
3.688910615351530087e+00
3.467116593287931536e+00
3.823031017809075838e+00
3.452613791068533278e+00
3.745373681009280808e+00
3.767526421409844062e+00
3.694246350715506111e+00
3.381519007858938330e+00
3.218170644456995078e+00
3.506923870280325151e+00
3.552214791472992683e+00
3.111560754478381874e+00
3.041156535602786093e+00
3.244645343421264982e+00
3.409998951582476234e+00
2.537807684826026922e+00
3.228109834272666845e+00
3.563957086510487926e+00
3.136624994934241517e+00
2.070877897292345615e+00
3.663640052439630868e+00
2.587178293335102630e+00
3.455951060589039336e+00
3.854396559774362352e+00
3.089017582031639897e+00
3.292454081654402565e+00
2.641555364405916873e+00
2.812978882723755625e+00
3.495907419746366429e+00
3.788997798633143788e+00
3.725565726777154030e+00
3.717102373721611119e+00
3.638463898671008945e+00
3.766132436911398429e+00
3.566558634408873107e+00
3.553844176208801109e+00
3.134606384031784820e+00
3.526668557657993475e+00
3.612572096439303770e+00
3.555753155760846607e+00
3.830516223126587683e+00
3.768099182209695641e+00
3.662814104998020959e+00
3.620124609229412815e+00
3.780403117453634554e+00
3.559492685466705719e+00
3.509442939639801917e+00
3.664564531642126699e+00
3.629345826095150329e+00
3.728307128791175096e+00
3.772629894452807608e+00
3.776055186476840575e+00
3.150184935728342683e+00
3.657375760386464503e+00
3.070194196622217930e+00
2.508309647689898725e+00
3.250306916404431590e+00
3.366558625527845461e+00
3.643974160426969089e+00
3.948572290610091962e+00
3.784978879979264299e+00
3.596467330722175504e+00
3.548228548084382261e+00
3.847955941458845786e+00
3.818035836091742574e+00
3.759239233364376265e+00
4.018020333118485610e+00
3.806404719201495368e+00
3.572660324294330003e+00
3.559704115803967728e+00
3.821033663705494021e+00
3.370240492515977238e+00
3.509915258747338562e+00
3.600377693788376465e+00
3.450046959724236917e+00
3.862124064608971175e+00
3.944382462241824872e+00
3.449446474471785429e+00
3.724588343492758913e+00
3.786996238767972311e+00
2.557050864375554955e+00
3.710181812797613610e+00
3.646087306017757435e+00
3.269265116915480274e+00
3.979022633691636557e+00
3.711044747392492127e+00
4.018411973880930077e+00
3.507329444899861759e+00
3.669418261067571851e+00
2.467336424410802032e+00
3.346578228308281666e+00
3.719962319604857903e+00
3.552951353421364811e+00
3.346984042846743446e+00
3.155985402621229063e+00
3.618389037566042798e+00
3.498429846100735041e+00
