3.538991686690401650e+00
4.052204561731891808e+00
5.650847184423821723e+00
4.685997439219872440e+00
4.486791289726301812e+00
4.420175301537427437e+00
4.391292148667425899e+00
4.929205492744427097e+00
4.919973397546348437e+00
4.936501830960405179e+00
4.941112983884859311e+00
4.744883569570215620e+00
3.925842239828068791e+00
4.288398029587723315e+00
4.970564691260906720e+00
5.219597099569742937e+00
4.272870455558555491e+00
5.551525055866396663e+00
4.142800019353556351e+00
5.594411280946316012e+00
5.638638779765670073e+00
5.419978113236800787e+00
4.569993346345071927e+00
4.987177211144284250e+00
5.666319619804280450e+00
5.738156841453897705e+00
4.882186344067624972e+00
5.137944839053567136e+00
4.767511795016301512e+00
4.960188619050041048e+00
5.561195547067478095e+00
5.411690330900243318e+00
5.026475154335290796e+00
4.883496603956304583e+00
5.533627345994793778e+00
4.985794489201712310e+00
5.364646626563222220e+00
5.549665838290440689e+00
5.813062998118381230e+00
6.454920076263875650e+00
5.645239078876126193e+00
5.872821114354620065e+00
6.313958655884244209e+00
5.586263770280333496e+00
5.895340751154692249e+00
5.252337931917165470e+00
5.988914350127869213e+00
5.347022124888450634e+00
6.231708627441792103e+00
5.449690379430834675e+00
5.257689299172604080e+00
5.204071755744952732e+00
4.712424978805951348e+00
5.629582914160672580e+00
5.811498509817800695e+00
6.226948653315365512e+00
5.584478223366712513e+00
4.792962154644213157e+00
5.294423640519757335e+00
5.189422246365557712e+00
6.141224287048259178e+00
6.034066130870105127e+00
6.204307296745231071e+00
6.694458726909830126e+00
6.384823933515861860e+00
5.806713438976436770e+00
5.538179742649155024e+00
5.816918027455944440e+00
4.374331295922336160e+00
5.637785851209799581e+00
4.585147735442498096e+00
5.287132769339863536e+00
4.905809438747408713e+00
5.306320691018752811e+00
4.662687892158097647e+00
4.796375339396879767e+00
4.824469826202245848e+00
4.806434843506722565e+00
4.901688760403543732e+00
4.964807119171816829e+00
5.118799969399085548e+00
5.448066551391445245e+00
5.848983445460026687e+00
4.909899120964750452e+00
5.193978228055212476e+00
5.531124925773103662e+00
4.945218210153146998e+00
5.406137566529883642e+00
5.407373517903509175e+00
5.789872924905633766e+00
6.142449793715461404e+00
5.672088459812608008e+00
5.437947312113498910e+00
5.418230165684287059e+00
5.782779271146315736e+00
5.982625746564532498e+00
4.261532825618818521e+00
6.057945219570642692e+00
4.798820674340440462e+00
5.164064331053990209e+00
5.024613913211763538e+00
5.252312909048553635e+00
4.713656273102006189e+00
6.299331183824932623e+00
5.654416424043920308e+00
4.950500046609866978e+00
5.404407295206027584e+00
6.082904955201840380e+00
5.806921777678120122e+00
5.051441942320566092e+00
4.735086060664860597e+00
5.147760818602067800e+00
5.936516855146082960e+00
4.152469300953901765e+00
5.682964898109838181e+00
6.094519493769883667e+00
4.638601892679773187e+00
5.957175531161105653e+00
3.729896671157528321e+00
3.088462982536952062e+00
2.990815993341251922e+00
2.352427134320000501e+00
3.372052999289679942e+00
5.547206896528807718e+00
4.497750652713757624e+00
3.793659863516162911e+00
5.195733484256422230e+00
5.077930408958996722e+00
5.499367815915022994e+00
5.541846040141158447e+00
4.917999342876119506e+00
5.445698691458718876e+00
5.035602118515098979e+00
4.947875985665622700e+00
5.443249085435124535e+00
5.801597560892324701e+00
5.802008095522515951e+00
5.396505974932377825e+00
5.294947269230413589e+00
5.758509588118402078e+00
5.129364592859326777e+00
5.243296437090099182e+00
4.260458024548012368e+00
5.301247584631256338e+00
5.707859668795434160e+00
5.804581021362321458e+00
4.729244588417097717e+00
5.197569001661328514e+00
4.709688566701523804e+00
4.711122029590884885e+00
4.946947749676882999e+00
5.516635423743206701e+00
6.272389332033508680e+00
5.782789529076376667e+00
5.186748866088009002e+00
6.292990836573991942e+00
6.073070277724066379e+00
5.736851104905868581e+00
5.465366755675944432e+00
5.540785751373675794e+00
5.301203783815241266e+00
5.151343872876389618e+00
5.589320036641566070e+00
4.809277475150929959e+00
5.432924331588547595e+00
4.714937837789848984e+00
5.197276065292218306e+00
5.390356866985973383e+00
6.372206242589959935e+00
5.660522215765382725e+00
5.077982686029291592e+00
5.184886931519531394e+00
5.485538963075117458e+00
4.980138818538019763e+00
5.432231210399177890e+00
5.690263811560781093e+00
5.267912929803931554e+00
4.965193519250525434e+00
5.697460656597177930e+00
5.545895439823916639e+00
5.023766299920123579e+00
5.636682677097716088e+00
5.077439006781221842e+00
4.653674507542902461e+00
5.434735282887340091e+00
5.463109133609439283e+00
5.537543920060006286e+00
5.495576968063693002e+00
5.885475142907186097e+00
5.762487864670156945e+00
5.370696042372104628e+00
5.539859776219045351e+00
4.677997337877956241e+00
5.493289384798741182e+00
5.411649770103541535e+00
5.466545389613151507e+00
5.482174562053961253e+00
5.792232932186410999e+00
5.543767528147750312e+00
5.107517254187871281e+00
4.746532179824497710e+00
3.739295359137608799e+00
4.435928626254161955e+00
4.805489353699641697e+00
5.076227238735424585e+00
5.025376560294012585e+00
3.682748406971232846e+00
5.938661116755750591e+00
4.571514770813037920e+00
4.496793534721320817e+00
5.567657900222812373e+00
5.923800489564958305e+00
4.825627032781214965e+00
5.244469151745612123e+00
6.028909731711460829e+00
4.390529020133001836e+00
5.568292573728833794e+00
3.969596930831047032e+00
5.676697123710521709e+00
6.134627881305024566e+00
5.262389303207954505e+00
4.824199940057796177e+00
4.691827664025171707e+00
5.511186640763169997e+00
5.238158788224565932e+00
4.276404592037187591e+00
4.950523621700533283e+00
5.037467948663501005e+00
5.362606093033256194e+00
5.369776349517322522e+00
6.203839809958507701e+00
5.826576508820679123e+00
5.479247868681885514e+00
5.458047157454763543e+00
5.332755913785501178e+00
5.396323881001849898e+00
5.491187170575823728e+00
5.595440359967077448e+00
5.900715020712796743e+00
5.517270016518973641e+00
5.692665306346035514e+00
6.512260832022185753e+00
5.297388515472218451e+00
5.871440435189044571e+00
5.856257575380363178e+00
5.937998820956689627e+00
5.078654413857078609e+00
5.936237891910501219e+00
5.038934740431310288e+00
5.602598716627380959e+00
5.364892236004097370e+00
6.030815832562979040e+00
4.904791809245324430e+00
6.036748675216196069e+00
5.381321434213355737e+00
6.257873765808565025e+00
5.185445319594910174e+00
4.840499858919563358e+00
5.381104785298274074e+00
6.091590671051758221e+00
5.340980144737328850e+00
6.522579245228580014e+00
5.423713426535954341e+00
5.689298181922660902e+00
5.535496242500914654e+00
5.727557740911179529e+00
5.776914756654414340e+00
6.563718803178312911e+00
6.488342780295968559e+00
5.976967574620595691e+00
4.880970397601245736e+00
4.765064324180548816e+00
5.297100902476842066e+00
4.942687986363859309e+00
4.942865150531173590e+00
5.294685177301919232e+00
5.617828472877018697e+00
5.095873012577464500e+00
4.514526446041456254e+00
5.312469306581257378e+00
4.697686038821972332e+00
5.345794159703551429e+00
4.554562011506892105e+00
4.765932178975750944e+00
6.133564987488162146e+00
4.740640406225282710e+00
6.690034308915344674e+00
5.846905402504480875e+00
4.995704321379451862e+00
5.624293109583168082e+00
4.791405256671145807e+00
5.156808211941529940e+00
5.709480438667805302e+00
5.188719962211300718e+00
5.202580521224987820e+00
5.765756832231834217e+00
5.606134933509986595e+00
5.557212823375340172e+00
5.033454890095395484e+00
5.188187679366381921e+00
5.527325224960249805e+00
5.093720525305702296e+00
4.849184422684311713e+00
5.942057076232873492e+00
5.180755657713462803e+00
5.687797579193581754e+00
5.058114169862036213e+00
5.620436593533714387e+00
5.357153423387338798e+00
5.154876611673784303e+00
5.796290624225048482e+00
6.105906427560860550e+00
5.657766701547596533e+00
4.672551107375879198e+00
5.599584513965608856e+00
5.738032353594979540e+00
6.155621914448220267e+00
5.773222863840490326e+00
4.529253377185491480e+00
4.656333062405321854e+00
5.882670491138160429e+00
5.027896753096531945e+00
3.553421785072087058e+00
5.473667670977143906e+00
3.508203561565089945e+00
4.068728906968416936e+00
4.962581668702147120e+00
2.503857017025202136e+00
4.662464288597026218e+00
4.110034025613127362e+00
3.795979877892104781e+00
5.352693124843603378e+00
4.724968603006737489e+00
5.475368562144217854e+00
4.775895347785952261e+00
5.250725176888343171e+00
5.558090757651316771e+00
4.523919888173224102e+00
5.067698894458714243e+00
3.917927674400428995e+00
5.302943242158979054e+00
5.364088158589972899e+00
5.344405127984441783e+00
5.749610073266964605e+00
5.133820281961517296e+00
5.390034287612821551e+00
5.411121322057390159e+00
5.091325697655791238e+00
5.054421636879522950e+00
4.868063062750961123e+00
4.718495992907356218e+00
5.609327632471787339e+00
5.314893323722844620e+00
5.213228159729760947e+00
4.950617445322070154e+00
5.806801326317759582e+00
5.865875851466434199e+00
5.043798476228732675e+00
5.673533747464804655e+00
5.303164614361132401e+00
5.270574730344049108e+00
4.734323345579122488e+00
4.823471553282775659e+00
5.266115146896546584e+00
4.980273324032087778e+00
5.517907548218529357e+00
4.312067383937696619e+00
4.485326101936706777e+00
5.675829118132388551e+00
5.538944663111665001e+00
4.584446110790572959e+00
4.389590427637430459e+00
5.146066948999708401e+00
5.317196854152597574e+00
4.943908576397666899e+00
5.848679467077897876e+00
5.751929875912861867e+00
5.491034428768113429e+00
5.819508020138602689e+00
5.851958867497981664e+00
5.822325960757285479e+00
5.899663725023108540e+00
5.554618800704853143e+00
5.280814985942189566e+00
5.237225062503917172e+00
5.179718269274553144e+00
5.415599325922060281e+00
5.176379836794152922e+00
5.355794882969913573e+00
5.126952000728490333e+00
5.787919249873346494e+00
5.676891375125316053e+00
5.013219296599842778e+00
5.463640093625200755e+00
5.593535013881480111e+00
5.401098777903976966e+00
5.692257647576949076e+00
5.938874480178949256e+00
5.267802181952716545e+00
5.364716214966114727e+00
