3.662677682110816235e+00
3.805752150862750316e+00
4.672451864712762415e+00
4.293733046996896618e+00
4.172106504592977494e+00
4.470809492267632024e+00
4.087225010754257148e+00
4.344179700620124152e+00
4.434873028767281511e+00
4.321103797056542462e+00
5.277627140483914125e+00
4.483343333142812526e+00
4.562056519336174176e+00
3.601355638091745970e+00
4.968194435666566378e+00
5.480656792464855265e+00
4.356684799344058945e+00
5.245001708683935782e+00
4.177887134643053280e+00
5.283834882768823960e+00
5.593748606967219317e+00
5.675950793728081756e+00
4.311574652727260926e+00
4.514908656006519472e+00
5.307181928698296858e+00
5.176417243726648465e+00
4.481824896877586006e+00
4.089332292279058478e+00
4.746945851772670366e+00
4.754640417265666663e+00
5.210435667597254294e+00
5.180529758840911825e+00
5.193040273237634175e+00
4.939966625446285065e+00
5.948903757404175430e+00
4.985968476847834729e+00
5.119608425447569999e+00
5.415474227998066326e+00
5.768725087363114845e+00
7.074040988949220399e+00
5.160669717444606341e+00
5.479051925981327287e+00
6.446480102891332109e+00
6.133840725510505187e+00
6.291825696046327465e+00
5.169611431092045351e+00
6.042308066840145209e+00
5.017615614229623766e+00
6.515681739541958173e+00
5.680865679407144597e+00
5.636339477869538150e+00
5.631661008641523303e+00
4.860873736137872214e+00
5.781472987456014678e+00
6.093450556291175602e+00
6.714655933131894017e+00
6.058852833918447089e+00
4.689516820310708489e+00
5.384520937173291166e+00
5.201689734220686923e+00
5.839192066120887148e+00
5.842694305967671475e+00
5.895020988397510209e+00
6.442875470756352030e+00
6.195643678675759602e+00
5.888350699236087671e+00
5.310047222832151803e+00
6.139700666637538440e+00
3.909961325796686094e+00
5.012129808308477763e+00
4.981455076470656884e+00
4.980562920668420546e+00
4.720768255599509189e+00
5.434995138570243078e+00
4.694656098675038081e+00
4.265897711532369740e+00
4.689682455437166553e+00
4.438632881292152277e+00
4.960212325588596372e+00
4.946965256940400124e+00
4.876211794297364399e+00
4.956049555650646532e+00
5.501098295631277502e+00
4.712569526134714692e+00
5.184596076206524629e+00
5.766479691636638982e+00
4.970736375771430460e+00
5.277398638037339218e+00
5.927940831576199443e+00
5.446943321969591523e+00
6.325519010736459613e+00
6.319328998136010789e+00
5.571772593442868349e+00
5.511242739526867496e+00
5.527994353615249601e+00
5.493327169083694450e+00
3.824478537552849389e+00
4.691618523001555907e+00
3.919365957532795264e+00
5.094327349199861743e+00
4.723139788230763081e+00
4.811889777999702744e+00
5.152551020447990737e+00
6.107713299052847766e+00
5.151881923126376606e+00
5.376675593656763397e+00
5.119010015905564259e+00
6.150373131654590431e+00
5.717616409165506397e+00
5.846108202196855785e+00
5.125089044860576593e+00
5.349246106953841284e+00
6.474553999187854458e+00
4.347723071500447567e+00
4.636628991806566624e+00
5.007071463603321781e+00
4.420343743804423298e+00
4.941584002225672734e+00
3.030080584292405455e+00
3.561932918548503579e+00
1.949078193099427203e+00
2.675391324364721157e+00
2.678340784702795130e+00
5.123057271249989775e+00
4.180534725734912804e+00
3.042447654210371333e+00
4.976755546352109150e+00
4.804686110029684265e+00
5.210105826157014342e+00
5.272226270786190661e+00
4.807881491605749069e+00
4.891138174788538961e+00
4.565042464405618006e+00
4.488592626492174276e+00
5.176679596552163254e+00
4.397569663583217547e+00
5.251030198629665691e+00
4.890400147290996813e+00
4.725523917606705204e+00
5.928448316989473277e+00
5.123496764336254117e+00
5.044316351199001680e+00
3.901757270217061535e+00
5.090325222696812979e+00
5.177179326805463333e+00
5.185315208146467292e+00
4.265492733760591015e+00
5.155463166640124939e+00
4.260765769627441024e+00
4.215538006737409304e+00
4.586261630659652866e+00
4.944702042340066050e+00
5.262667640925724477e+00
4.834407503187337696e+00
4.333354519186831233e+00
5.401079594440360232e+00
5.256379453326218254e+00
5.328436350141568134e+00
5.486960453022697415e+00
5.016129837764457200e+00
5.070288148671660444e+00
4.886349161673018138e+00
5.559475644216411716e+00
5.187188854932654358e+00
5.156724049852908998e+00
4.899849822760485196e+00
4.780387545924630999e+00
5.067749238611146012e+00
5.047014046381556263e+00
4.934557479652318612e+00
4.253974121130696950e+00
5.163958370405112852e+00
5.706584717237465298e+00
4.949201936103193589e+00
5.292739544270743224e+00
5.294164711645656496e+00
5.241384778329020833e+00
5.363208054492906385e+00
5.349351127755140212e+00
5.595747027596791767e+00
4.840681611601678647e+00
5.209479781325042858e+00
5.345732593866583393e+00
4.918278354520242424e+00
5.498726853201578280e+00
5.106861816089559802e+00
5.104230183610583005e+00
5.769000779428782089e+00
6.285693146531363240e+00
5.255085217927005559e+00
4.840215380856334626e+00
5.337195791952304091e+00
4.916178228753253165e+00
5.323116455645288347e+00
5.702689309741849399e+00
5.164337317816958262e+00
5.854728667614452320e+00
6.284099642105409167e+00
5.283841745571266735e+00
5.066405078682142182e+00
4.323621964037062781e+00
4.172014056217553168e+00
4.101673947219565797e+00
4.413544416974885642e+00
4.584231896430420505e+00
4.733810736172988420e+00
3.530810017755868557e+00
5.025185107673948437e+00
4.488347261979920511e+00
4.489107980699748701e+00
5.342684026401485653e+00
5.037312073527963285e+00
4.793170399249222946e+00
4.804114538263399403e+00
5.703264073556933766e+00
4.293899865861664722e+00
5.544502676127205376e+00
4.197181806942952953e+00
5.589305153163468987e+00
5.479074566037945182e+00
4.704759936421142541e+00
4.472141686825636064e+00
4.898122552293917131e+00
4.793306590752512975e+00
5.331887257085212717e+00
4.515463047543261332e+00
4.327858073583638721e+00
4.684873304526814053e+00
5.035704296991604600e+00
4.945331584440028294e+00
6.222429736772155273e+00
5.593227341192934965e+00
4.980479463677046859e+00
5.083071551520403908e+00
5.410137092972731487e+00
5.439695467488613545e+00
5.170426727805726763e+00
5.535276483086889243e+00
5.640207389018930151e+00
5.656861029846044886e+00
5.822649355994033549e+00
6.698836407773270274e+00
5.520491736240915159e+00
6.758211520918851356e+00
6.275681356859579729e+00
6.482569787980459353e+00
4.973887526438652174e+00
6.295552278506934663e+00
4.597879333042337535e+00
5.448596391894647617e+00
5.655129296272728645e+00
6.336353301030409391e+00
5.766556724013857327e+00
6.811972097773251633e+00
5.610078736845471425e+00
6.175093051308780723e+00
5.126258070056280758e+00
5.073480367621199250e+00
5.637877471188204481e+00
6.045547308053554225e+00
5.761038186026964603e+00
6.612964061025067508e+00
6.302573514757287221e+00
5.876243221055812427e+00
5.706446089263201848e+00
6.386976736262012011e+00
5.830046088615307376e+00
6.889825837568849032e+00
6.528658997502144956e+00
5.943325291866195847e+00
4.504059173228430524e+00
4.419167278843358915e+00
4.966656339803741105e+00
4.702751768042013225e+00
4.739944644969976473e+00
5.226646059096491825e+00
5.224494541764928002e+00
4.813629696838959582e+00
4.588025762345805170e+00
4.781450855167888925e+00
4.666737941033115789e+00
5.345523861822996992e+00
4.792529341310848956e+00
4.468446988704330103e+00
5.722088519627416048e+00
4.814373087168024590e+00
5.791594416473968998e+00
5.871765678121449561e+00
5.445017469391865816e+00
6.187254784324042411e+00
5.084707754425672022e+00
5.075061651454138456e+00
5.722446386883252245e+00
4.875854709094694428e+00
4.705049526661114534e+00
4.686191964461911219e+00
5.766861289742602814e+00
6.126614849390894513e+00
5.397541285051989490e+00
5.291172960618487409e+00
6.509195810709488939e+00
4.364202791940693160e+00
4.789365582977674229e+00
5.146766587628083478e+00
4.646342688659894193e+00
5.300951291868490678e+00
5.333570527673667350e+00
5.975634477393869659e+00
5.444165871566553072e+00
4.717281901331435101e+00
5.291195969776822494e+00
5.826910852695547760e+00
6.146848723292057670e+00
5.719403000623779931e+00
5.420706187490963224e+00
5.877875829973081778e+00
6.400431388258241761e+00
5.646360001100017456e+00
4.464508773519338725e+00
5.029734278556168725e+00
5.165438083565910610e+00
4.564609828564377914e+00
2.937571662476781142e+00
5.173541855470992878e+00
3.510560692677639594e+00
2.774644901684989673e+00
4.727985948698383289e+00
2.440019408966357162e+00
4.457223408291437039e+00
3.453165176927022184e+00
3.428899188488240046e+00
5.057843877038418867e+00
4.868063858599875005e+00
5.597376186229191752e+00
5.357771065630066332e+00
4.319577023335320121e+00
4.832242698635999645e+00
4.334988775829856422e+00
4.274407121554054889e+00
3.895761541715763610e+00
4.861783999258246780e+00
5.048739895529637423e+00
4.958869116238394881e+00
4.759286297322796955e+00
4.959638982741505053e+00
5.164797318661046965e+00
4.722917726212016554e+00
4.786615319155417936e+00
5.408471239516922324e+00
4.946546940275887927e+00
4.710400431972158408e+00
5.084469256348953969e+00
6.022814580235813509e+00
5.483179036113764226e+00
5.236980157954751469e+00
5.170634528980956546e+00
5.322334587429724984e+00
5.008985397697792052e+00
5.375055444912320901e+00
5.226526949174579606e+00
5.365664589589309585e+00
4.770742376042078625e+00
4.819936984942200908e+00
5.162207866348853535e+00
4.696159825881393246e+00
5.222360981015314429e+00
4.148435085965021862e+00
4.142972886606387739e+00
5.299985155999550557e+00
4.555937124169012975e+00
4.269404650574383453e+00
4.143354683531350169e+00
4.704314989099078304e+00
4.868793297417973065e+00
4.709450107690479115e+00
5.123756317485161915e+00
5.113851346937793529e+00
5.438956815285216351e+00
5.523438555164484676e+00
6.056121297122286862e+00
5.038828462988953483e+00
5.084102593832398931e+00
4.905838412226833256e+00
5.160608715650222500e+00
5.602010305163452664e+00
5.505613736404855629e+00
5.362578216039949552e+00
4.880030233936967221e+00
5.515485526904427616e+00
4.916104868301340858e+00
6.037755657696534328e+00
5.122005573744825568e+00
4.325932929696353568e+00
5.180838574237237815e+00
4.961595159216233952e+00
5.163978844652355349e+00
4.928939779577456548e+00
6.148815200949229620e+00
5.026386939305976576e+00
5.275913651172903229e+00
