3.466750486497108596e+00
3.722425305552219843e+00
3.483952370693065959e+00
3.377905910717645899e+00
3.227423788814521188e+00
3.352452875173310698e+00
3.197883301294394798e+00
3.624886130315096100e+00
3.078273043507221640e+00
3.088798094203440758e+00
2.985352815222492850e+00
3.132647545408266065e+00
3.091481584655169979e+00
3.212255666620537298e+00
2.882630776386111204e+00
2.828136066867487308e+00
3.518767414023078910e+00
2.661843974241133282e+00
3.010108418178145673e+00
3.309080227806784347e+00
2.677451910538999336e+00
2.890490110223966624e+00
3.410150763440574107e+00
3.119715720331875719e+00
3.046895693506682878e+00
3.116329831493524605e+00
3.243329490906481372e+00
3.393404719253270141e+00
3.349019716738584673e+00
3.103622157641624746e+00
3.645623790195315017e+00
3.468646551018289337e+00
3.393433597496445131e+00
2.929646855082270296e+00
3.450231302448479198e+00
3.055579080892436572e+00
3.482017512371814671e+00
3.163404374972616839e+00
3.304608741709950337e+00
3.325002523143891775e+00
3.373890638516989782e+00
3.637086697257953194e+00
3.090470880019972277e+00
3.164097698516893598e+00
3.000618438847706848e+00
3.581254350433866307e+00
3.224877845062856352e+00
3.091968974107248247e+00
3.255235131677420402e+00
3.298883934018796982e+00
3.158743381619531387e+00
3.480990034320020854e+00
3.204004408527847847e+00
3.147451771850557467e+00
3.150990255362196457e+00
3.202820878456327680e+00
3.286086260965728645e+00
3.407172272966358495e+00
3.258521465683988705e+00
3.301965935010116926e+00
3.199573528694120927e+00
2.988979854080292764e+00
3.219994662660642604e+00
3.128630627389948238e+00
3.288315255443417851e+00
2.912738787694590492e+00
3.065229833535934922e+00
3.051696233047112905e+00
3.854891817093683226e+00
3.787165971776089712e+00
3.770413018138046191e+00
3.680783206596639712e+00
3.511872656188766317e+00
3.865902731750546106e+00
3.654418287672120069e+00
3.596015992466873090e+00
3.770024734118035070e+00
3.652782049777077322e+00
3.686448544072413736e+00
3.840596102168911674e+00
3.798815745721507042e+00
3.737914789004205041e+00
3.659381115377484672e+00
3.353058348868375393e+00
3.255650558142390238e+00
3.756213707822525283e+00
3.689531152447529383e+00
3.614570324970262316e+00
3.644932294085331037e+00
3.684811541657931233e+00
3.882180151249989386e+00
3.599436312309023833e+00
3.737903397588561827e+00
3.697892831005570091e+00
4.048045926341120371e+00
3.700810787935218560e+00
3.849061470851092182e+00
3.520222386454224139e+00
3.273595189969385366e+00
3.291534877707873452e+00
3.383792424319772785e+00
3.345823561786905653e+00
3.681080086887398295e+00
3.703520768992072387e+00
4.052718665121495256e+00
3.404003603394524902e+00
3.169648823269971327e+00
3.270943630912072297e+00
3.459873975091926290e+00
3.247986872828672489e+00
3.282996414505881866e+00
3.488655794664557330e+00
3.192469970204120600e+00
2.250199004393016011e+00
3.180303820472766496e+00
3.476938049707687384e+00
3.538307089246988557e+00
3.492148062659985897e+00
2.978629012043592983e+00
3.132825394657367202e+00
2.853284416872080786e+00
2.166609874931170410e+00
2.331260800372655595e+00
4.060667369700074580e+00
3.313319982727923829e+00
2.728784687246423424e+00
3.699998601060878745e+00
3.871342111837895228e+00
3.704927427352735059e+00
3.420438236841998325e+00
3.644722295507538234e+00
3.823325072263309199e+00
3.649624092440718837e+00
3.638819415962271542e+00
3.784198106535918260e+00
3.626061035972847346e+00
3.661749558406977467e+00
3.422193655349002217e+00
3.880445802801999911e+00
3.785907892163050015e+00
3.723949217631423281e+00
3.506968001682116309e+00
3.009587503889574744e+00
3.280716434168470474e+00
3.568909132945489837e+00
3.108277224633008817e+00
3.164156819254438258e+00
3.547751708187096398e+00
3.796567663178098684e+00
3.851411771088683711e+00
3.514200925956108001e+00
3.952549825318607990e+00
3.719689273960733011e+00
3.809306964625945202e+00
3.483123587080541039e+00
3.531067461221440773e+00
3.644483758502064408e+00
3.713762809807478860e+00
3.657490564842399650e+00
3.542519233142780166e+00
3.764850361005137369e+00
3.756457746681129972e+00
3.596223206521005356e+00
3.778713894739229584e+00
3.526125476334490916e+00
3.700124981260941581e+00
3.696581826392122849e+00
4.027162959557839983e+00
3.723416958806651245e+00
3.778035720542068265e+00
3.450850395531000814e+00
3.633216960477957169e+00
3.662042163998776800e+00
3.589118162264284706e+00
3.866866774950044050e+00
3.798272298545716019e+00
3.183392311143552700e+00
3.788095146897609400e+00
3.932677189608970281e+00
3.585367320325346441e+00
3.872177839804891164e+00
3.743058430731451391e+00
3.557595868334838318e+00
3.937989356369598681e+00
3.797820996907277369e+00
3.707941226620587560e+00
3.990957273692249174e+00
3.635861784545681097e+00
3.530894424482073912e+00
3.600883687993910343e+00
3.467399977742971373e+00
3.634701557123959592e+00
2.863009441075282879e+00
3.065276308653255732e+00
3.563533493330561353e+00
3.516824779217013752e+00
3.284485352754185072e+00
2.995446718922885498e+00
3.342867715364314485e+00
3.549318514779337352e+00
3.265184424153550591e+00
3.642254564700174502e+00
3.539132089777386359e+00
3.401234183298229574e+00
3.344772502517489698e+00
3.219404595944227676e+00
2.829646671658443857e+00
3.010604894221384775e+00
3.656160879589669399e+00
3.366413348618982671e+00
3.046908285688376239e+00
2.931110096618640526e+00
3.081612439314830088e+00
2.764381560241645275e+00
2.836273447878087772e+00
3.571855274131960467e+00
3.193920550983230022e+00
3.189263548813981775e+00
2.716348407240135376e+00
2.849588451568786152e+00
2.929420369663530366e+00
3.222223265600509645e+00
2.900142326648761593e+00
3.192680137811918950e+00
2.985584558227183383e+00
3.208444566621347693e+00
3.496316195889513256e+00
3.330201093394247636e+00
3.323180748526050277e+00
3.489832907882064017e+00
3.601924510218615705e+00
3.591130420784800048e+00
3.112261675534243821e+00
3.048829785300525952e+00
3.173074896275069889e+00
2.859845013766359578e+00
3.295557131640299620e+00
3.419505340551139305e+00
3.126317616609154193e+00
3.229275977610075898e+00
3.269277426700404554e+00
3.407137027361915482e+00
3.369350035456262660e+00
3.376408362035820510e+00
3.106389935717719819e+00
3.019963970601178715e+00
3.521703708217772011e+00
3.012171150776329576e+00
3.398799009737810017e+00
3.366406548305403756e+00
3.214432490607802784e+00
3.290978769338791299e+00
3.337545397448334228e+00
3.190444375213212336e+00
3.231676704307705705e+00
3.324852799602665776e+00
3.290201501187561828e+00
3.442855683621085294e+00
3.254456736887299417e+00
3.066513179038671488e+00
3.202359711314973545e+00
3.159295732353629482e+00
2.819959677778479001e+00
2.825175435911522648e+00
3.035657214768205936e+00
3.224127070765865355e+00
3.332031328941301052e+00
3.115263918617398264e+00
3.129614081360025057e+00
3.029579323095215493e+00
3.964846273542039334e+00
3.590406599430168377e+00
3.732639865249490985e+00
3.676155895051696376e+00
3.706240341337395439e+00
3.643337156894592255e+00
3.479901572161859136e+00
3.786530893623272664e+00
3.558577271499210326e+00
3.673990664403849582e+00
3.959804979084120546e+00
3.771063451563770208e+00
3.443825204845783805e+00
3.919217973791465415e+00
3.697859347273133146e+00
3.775880768377914976e+00
3.595214665030688650e+00
3.817015353547501100e+00
3.346399143773469032e+00
3.527080580381243280e+00
3.571308515590151611e+00
3.460902025549082328e+00
3.796696782716876051e+00
3.777262518622393817e+00
3.669557604859049693e+00
3.779355625652537576e+00
3.647487417333485471e+00
3.526213105823166050e+00
3.909094075732382656e+00
3.888098904263879607e+00
3.536444063216432454e+00
3.555746284395881140e+00
3.662601870836133866e+00
3.613365063075047345e+00
3.419155779213276514e+00
3.811594061883333495e+00
3.335824334122389878e+00
3.742971224923262508e+00
3.924049802332816306e+00
3.741349229596390380e+00
3.428331545881617703e+00
3.440531494557399039e+00
3.523562492335944540e+00
3.346930242817180545e+00
3.281561679627752248e+00
3.026028889630373531e+00
3.365782673736598785e+00
3.444767746497086947e+00
2.494553077419175313e+00
3.352723726846688734e+00
3.617227714237182923e+00
3.026203629392000494e+00
2.058297453926786869e+00
3.659295469898691255e+00
2.681468479196019050e+00
3.364950064443382072e+00
3.849948166645103864e+00
2.976396551075298103e+00
3.354134909129558029e+00
2.575970624481259019e+00
2.739797089091152049e+00
3.520251429994480041e+00
3.830552106593241302e+00
3.821588156217268217e+00
3.811984553522825614e+00
3.733488885543001956e+00
3.755201241462564177e+00
3.495594982876941259e+00
3.650487110850988426e+00
3.212322449639474442e+00
3.432797203897498317e+00
3.480555581207307903e+00
3.648179651352611241e+00
3.790306259860863225e+00
3.732490240969184025e+00
3.515920425758918721e+00
3.575703185860223066e+00
3.482355841335595947e+00
3.729986898357257719e+00
3.504162388023920993e+00
3.658883413559807618e+00
3.552275195374270833e+00
3.572092854845463794e+00
3.605127570906329293e+00
3.899388820849499560e+00
3.237727669890511528e+00
3.641911426507484784e+00
3.058688830970780703e+00
2.717744840391740357e+00
3.297894878473758951e+00
3.359558192652729591e+00
3.593133216518252571e+00
3.815295655396494734e+00
3.907225590291509398e+00
3.671735638877396735e+00
3.625638313592986162e+00
3.925725216401148021e+00
3.834047699902822348e+00
3.618701517180135774e+00
3.935148507815301233e+00
3.829713131159899309e+00
3.544197585746297285e+00
3.574811790370167053e+00
3.762077843500214236e+00
3.381729558226187926e+00
3.588759199376694742e+00
3.681265486921217356e+00
3.629048409109721707e+00
3.971199450652417529e+00
4.032402565812492234e+00
3.474795420744759777e+00
3.762879045828172675e+00
3.780834243741780565e+00
2.516734343135502705e+00
3.779737353935663347e+00
3.626858862849328347e+00
3.201745045679448953e+00
3.905709818573887659e+00
3.675634247640444219e+00
3.997605370932653557e+00
3.495082192224130857e+00
3.692900599893658597e+00
2.418299089647955480e+00
3.278747048639000461e+00
3.744461205224776990e+00
3.653390103229402719e+00
3.428292256384532166e+00
2.950409471129743721e+00
3.631575736374931029e+00
3.409410782466804068e+00
