3.668566719182779323e+00
4.133034642869178654e+00
4.887617109099965162e+00
4.224844546459600281e+00
4.114245184130715494e+00
4.231647218051906911e+00
3.699131160817438868e+00
4.291990046377677892e+00
4.580900240027013126e+00
4.621142137431792918e+00
4.947442065160744029e+00
4.738030096576594019e+00
4.377371547855171130e+00
3.921218873609007449e+00
5.254650267153707865e+00
5.296161244348902564e+00
4.411309708804999730e+00
5.478725528939887290e+00
3.995535906646288105e+00
5.203219732218403060e+00
5.416972311709895571e+00
5.414324805313400546e+00
4.572458447842246976e+00
4.445959885171975934e+00
5.248161960093966627e+00
5.094474779614482252e+00
4.439468999743720445e+00
4.623534774743644604e+00
4.983547953500453431e+00
4.622535653015419577e+00
5.029782109961763226e+00
5.361633021740066063e+00
5.492615058718813614e+00
4.945040146308254059e+00
5.955666313445074245e+00
5.514751006990152860e+00
5.586770225687345715e+00
5.339083752250578740e+00
5.892020382070194628e+00
7.127880675782152231e+00
5.323997306271134988e+00
5.714613009827181678e+00
6.398385921274600818e+00
6.168073311414017823e+00
5.901992302352348396e+00
5.239237278522645980e+00
6.310200896514520430e+00
5.198835001535587530e+00
6.142575736780039541e+00
5.454927517787789171e+00
5.528566581698580507e+00
5.754376386384508990e+00
4.835207284544843276e+00
6.024952819066019316e+00
6.170548832947113205e+00
6.374810891302963967e+00
6.223905517183277780e+00
4.688939156086795457e+00
5.310062955302052856e+00
5.208588072905154576e+00
6.064749417082365923e+00
5.748792867026230269e+00
6.312804533572246690e+00
6.470567065858308986e+00
6.281339149492879415e+00
6.193673968832012378e+00
5.522765569338323743e+00
6.065431183413529048e+00
3.815187385789987840e+00
4.732106252258261314e+00
4.667770974970945730e+00
4.819983034363577445e+00
4.570932319213866002e+00
5.443438994626253802e+00
4.793552658258592558e+00
4.157434241015589116e+00
4.748561735964165642e+00
4.653973692065695111e+00
5.187022645718700531e+00
4.854991293598255098e+00
5.132325761719490842e+00
5.039859520678960259e+00
5.917274142073686960e+00
4.744511296347730500e+00
5.329021301050900661e+00
5.676508103768067137e+00
4.979182955449564574e+00
5.608130314955212192e+00
5.957465589164851139e+00
5.859489299274094343e+00
6.465240298877446889e+00
6.404605006353111918e+00
5.744813632299378803e+00
5.383947667613590227e+00
5.686612940628068102e+00
5.679319833152048247e+00
4.045109098208460985e+00
4.993612196569422679e+00
4.285897387621583121e+00
4.830940582308069331e+00
4.639072231897599430e+00
5.136595622871061195e+00
5.018068092229285071e+00
6.150381922581035887e+00
5.146944249742531952e+00
5.293622926604347079e+00
5.318608967414722777e+00
6.524574004002906769e+00
5.982620713070421203e+00
5.757585619637112906e+00
5.219787160991707253e+00
5.709499151064894029e+00
6.193448255452533857e+00
4.298925797601438781e+00
4.783431412747776612e+00
5.358282994400862975e+00
4.200216120081812221e+00
4.990589215415221602e+00
3.264429909968561638e+00
3.372056256408511921e+00
2.111710024431557642e+00
2.518363843159269866e+00
2.698207481251690965e+00
5.595808904544996132e+00
3.952713946517591559e+00
3.079487563962569840e+00
4.871550723700701191e+00
5.120570642093432490e+00
5.018508413722944539e+00
5.087909482739625844e+00
4.645450991700282195e+00
5.090509824302955622e+00
4.750145923139565518e+00
4.785995662682647200e+00
5.177184959312512547e+00
4.410676202448935435e+00
4.987973742830771329e+00
4.903692553071715032e+00
5.033200580513617517e+00
5.849405682447244459e+00
4.845384876768944693e+00
5.191408735416630726e+00
3.717035768513965888e+00
5.360099225137205714e+00
5.078889570259859987e+00
5.245357771058528407e+00
4.423136375973198753e+00
5.078215480826577810e+00
4.519147702758257168e+00
4.201672123825868077e+00
4.405357046695032253e+00
4.734110570273896812e+00
5.474225384075576351e+00
5.273234744451703371e+00
4.456349093011191087e+00
5.380127409925527182e+00
5.412381041721549657e+00
5.241062878011663706e+00
5.359677687061703111e+00
5.013894761611306983e+00
5.155696514837351252e+00
5.126164349753135951e+00
5.668546379368335941e+00
5.134563450408835550e+00
5.210303075030111586e+00
4.812060575320579403e+00
4.705911811605177242e+00
5.188073393948080536e+00
5.049455982967328893e+00
4.872713630549074360e+00
4.452645119093128656e+00
5.195519860735764439e+00
5.704815589197310466e+00
5.028903974943155220e+00
5.254505118051764789e+00
5.102720044528617827e+00
5.213096667342382418e+00
5.490605700115124499e+00
5.396631777405107577e+00
5.444458690222291786e+00
4.877260620406099534e+00
5.367859406676322997e+00
5.000136593578236699e+00
4.945141894697369089e+00
5.628766360523688839e+00
5.474459572836163801e+00
5.134038260053237934e+00
5.469626484317438475e+00
6.452854363030430029e+00
5.514702930253459812e+00
4.740247389284439450e+00
5.025093531350136367e+00
4.816032209092304228e+00
5.295671398246755146e+00
5.562668749046421723e+00
5.233962687356652488e+00
5.708423087004638852e+00
5.998162165423414294e+00
5.240537875128089773e+00
4.863344122700289596e+00
4.272855167348936334e+00
3.876403546112965337e+00
4.134023604742624869e+00
4.657394726869353185e+00
4.587239038277931336e+00
4.671446788697509511e+00
3.602892965696800953e+00
5.142826396558754176e+00
4.190673525382713649e+00
4.450074156089717015e+00
5.287468443121103867e+00
5.096140105029443035e+00
4.821510459748789224e+00
4.720242357239824216e+00
5.651458434614315074e+00
4.257774438842690579e+00
5.301423291414797845e+00
4.187225576621808720e+00
5.807511428018421462e+00
5.278311169810996795e+00
4.467465397531042548e+00
4.174638999754626489e+00
4.673669181850064192e+00
4.798631797117682396e+00
5.197423544563981146e+00
4.318624253590185091e+00
4.269527903058642160e+00
4.778663043104687702e+00
5.119098719367705108e+00
4.828494186677991351e+00
5.906245626752168576e+00
5.520620852943000756e+00
4.978568571981226931e+00
4.872293781527481826e+00
5.523485642183202593e+00
5.377224704838559965e+00
5.332439447448510172e+00
5.540323346381565095e+00
5.710284765097107140e+00
5.284407233766368783e+00
5.974624209157969545e+00
6.704008102947661030e+00
5.702683274816700454e+00
6.799799023745929816e+00
6.798428132722508899e+00
6.913196096923554634e+00
5.200336619361274337e+00
6.469419581705415645e+00
4.890412028725583227e+00
5.870016248609292830e+00
5.839890924330651600e+00
5.945089047436796115e+00
5.547159335316755424e+00
6.792090556321202399e+00
5.471807025917776457e+00
6.364125217946161150e+00
5.543588642603148209e+00
5.236509949344267945e+00
5.513546563760796104e+00
5.996169422891509448e+00
5.405322393949425042e+00
6.820401737890486871e+00
6.317392198453971375e+00
5.970941727903571028e+00
5.531160566181704930e+00
6.090000961686106606e+00
5.724808902479108674e+00
6.957677821100463511e+00
6.294395945708685325e+00
6.008418948293883233e+00
4.199097381701766274e+00
4.341426103115610502e+00
4.604989580373973546e+00
4.913872154538061920e+00
4.900073312199427100e+00
5.159088899038135168e+00
5.070122325037868194e+00
4.828958072977123095e+00
4.231457535440894091e+00
4.733103897285395156e+00
4.801241094695423151e+00
5.175815910450809021e+00
4.784264582984896208e+00
4.576685556492074980e+00
5.888261441259872164e+00
4.960172417797182653e+00
6.163000128457997384e+00
5.640216913541603816e+00
5.297979510703771489e+00
6.245898362676510551e+00
5.351815047651894197e+00
5.469387038717049343e+00
5.137940690644421160e+00
4.999669283554718291e+00
4.570720431640092229e+00
5.240737703398668401e+00
5.646053638763045335e+00
6.143924220055731134e+00
5.343228482654160061e+00
5.451051034208762580e+00
6.611530795705681030e+00
4.485852033953944051e+00
5.000534907462792944e+00
5.157053122980013171e+00
4.614934720373518928e+00
5.385442743760661344e+00
5.081691306650658824e+00
5.750356270081623755e+00
5.594475957361638052e+00
4.569583438909239348e+00
5.515412136252269448e+00
6.361319660637315465e+00
6.171139291308140429e+00
5.487513771296381293e+00
5.783457056602510526e+00
5.711415672418197254e+00
6.639173845307101196e+00
5.726681262830680019e+00
4.369506991011022023e+00
5.136402537005858804e+00
5.781429922890867878e+00
4.781950865632259351e+00
3.437483567386159677e+00
4.981597579596541259e+00
3.420340183883972873e+00
2.955433836232925326e+00
4.376196574545154760e+00
2.870207562612116181e+00
4.681214099767145420e+00
3.529429561072590538e+00
3.215712506809478732e+00
5.185991355675394487e+00
5.206286640935559262e+00
5.692262114959068420e+00
5.278179002028279498e+00
4.509350463632259221e+00
4.687832727223606888e+00
4.498322876652712132e+00
4.529864476252587480e+00
4.210255291222336993e+00
4.954257771005366351e+00
5.018665082357729901e+00
5.016293671317434644e+00
4.757759291334975771e+00
4.662578615808827820e+00
5.211473796343092602e+00
4.843591036714698816e+00
4.846500021200741415e+00
5.306832576099430376e+00
4.754146897120894444e+00
5.222680022104607467e+00
5.167564862829961747e+00
5.665762834809150661e+00
5.316264485982605592e+00
5.002810908066081197e+00
5.256486012682523246e+00
5.127386079058403823e+00
4.941340242542951344e+00
5.541619863549397174e+00
4.684024815913795159e+00
5.459307659269843960e+00
5.102719459874876407e+00
5.247570505360643622e+00
5.273367704191526784e+00
4.819806502984867791e+00
5.331238363161985738e+00
4.362152229031539541e+00
4.224377489028730004e+00
5.234413884325785027e+00
4.746196157781153779e+00
4.440285056173996381e+00
4.006027860794536544e+00
4.837401088204072330e+00
4.741939566163771325e+00
5.178553135012117004e+00
5.235809478110172499e+00
4.989555117643186044e+00
5.061555179629245060e+00
5.331997971151277937e+00
6.014318268727492978e+00
5.422482039066093940e+00
5.243881759400264464e+00
5.169282185762164694e+00
5.203251638309270177e+00
5.211180069317452812e+00
5.359028068745964823e+00
5.041012620620135998e+00
4.791977678740250823e+00
5.266011181073390723e+00
5.134595650409014667e+00
5.846672850490437057e+00
5.409418268680405539e+00
4.169844193553859490e+00
5.225076112347466939e+00
5.446138569189163725e+00
5.162229619591093055e+00
5.260618722614013087e+00
5.983181183393337044e+00
4.777950380983678080e+00
5.001634823360533666e+00
