3.428218551681011750e+00
3.524555108664610081e+00
4.831541962011055347e+00
4.762566086831825807e+00
5.034659078386639841e+00
4.736124532535018083e+00
3.969757582708791865e+00
4.901156002399591927e+00
4.795062942468621969e+00
5.465188257721296239e+00
5.568683879154621152e+00
4.845143238740322822e+00
4.539780942115559270e+00
4.849745147812287271e+00
5.585426738581759309e+00
6.594145985992311054e+00
4.293378724754420617e+00
5.578497365717940859e+00
5.093921038238428345e+00
5.528996516873506906e+00
5.816092237935254872e+00
5.719903032982629476e+00
4.261016059555495339e+00
4.845583383349708839e+00
5.195303042556947304e+00
4.834699428897167195e+00
4.309415608137793008e+00
4.629511058244690780e+00
4.831274987848540370e+00
4.587956314691755466e+00
5.348766607379370264e+00
5.844114204816625247e+00
5.719262638140210520e+00
5.515968433633378076e+00
5.686237703381376463e+00
6.263614419317092619e+00
5.940820831697095628e+00
5.399078501048061085e+00
6.394890283284024868e+00
6.758866419498187561e+00
5.964463299880632619e+00
6.392739705428150288e+00
6.822420479862236320e+00
6.436485250093063826e+00
6.771186691463923601e+00
5.722578955040699356e+00
6.694266325746149882e+00
5.505875338641256889e+00
6.777061153328993726e+00
5.944242973086844906e+00
5.388727614286408674e+00
5.511077334897606761e+00
4.805490615630498397e+00
5.934500782496770377e+00
6.621807047272640467e+00
6.681163042143579922e+00
6.725102182877141566e+00
4.970057066414176994e+00
5.410380610555456826e+00
5.166685266599420956e+00
6.345789117339409202e+00
6.506489523754417803e+00
6.402245345141405863e+00
7.226291936816176431e+00
6.711857608707711975e+00
6.032591794373989735e+00
5.520379866701338401e+00
6.369553996849811384e+00
3.878427732928694915e+00
5.380080392579426274e+00
5.227636474120989085e+00
5.052083817039455305e+00
5.198132774367244302e+00
5.707707921385840599e+00
5.046233999916209356e+00
4.845050381476830204e+00
4.785837504051859703e+00
4.590794996034887276e+00
4.757593546136403617e+00
4.808951174688345986e+00
5.469619284770839585e+00
5.557078011426050956e+00
5.733534950784553885e+00
5.472655895699184647e+00
5.166710769599663244e+00
6.267195067289923038e+00
5.017127508697697635e+00
5.950607181413989366e+00
5.903605384367629938e+00
6.220684824055926931e+00
6.784833938515070884e+00
5.702769637297184779e+00
5.333395788871376553e+00
5.721915469814963018e+00
5.525968028560199308e+00
5.756358848099266901e+00
4.059329189364389912e+00
5.706788196813353586e+00
3.919545811267974855e+00
5.157550509811690276e+00
5.146940485687892419e+00
5.265733131931770394e+00
4.733995867425402793e+00
6.402834068145024204e+00
5.984050435147270974e+00
5.243502969255092516e+00
5.346205019389616453e+00
6.499128661135685547e+00
6.238699648873470949e+00
6.056338024285478738e+00
5.753164333587258206e+00
5.561071944488212182e+00
6.676196219938833387e+00
4.225526881331033380e+00
5.238470401812509003e+00
5.838981209258163219e+00
3.946004476333258904e+00
5.229724961365578295e+00
2.917669028519725760e+00
3.311882725163521002e+00
2.361654871783337661e+00
2.909260697782285021e+00
3.714591200115889169e+00
5.549273496048896526e+00
4.452076822081348695e+00
3.280578310784113771e+00
4.944549633553653400e+00
4.991235634351508743e+00
5.798561262392857074e+00
5.002672495445399825e+00
4.927363579928312198e+00
4.893107393615729883e+00
4.904085192619220379e+00
5.255067571403096771e+00
4.703982563676616380e+00
4.964998741296001050e+00
5.100957375333441846e+00
5.007144800037769627e+00
5.559632300501021085e+00
5.613242448937779017e+00
4.936158406747003902e+00
5.216032172467166106e+00
4.852322234199510476e+00
5.516059266425335395e+00
5.432892081311966770e+00
5.172199350494650183e+00
4.361720712574589598e+00
5.523058166249739109e+00
5.457465519314245839e+00
4.965053869496281358e+00
4.741856820167586584e+00
5.528001545664935179e+00
5.930482648072014307e+00
5.666675355659235969e+00
5.097649941316692690e+00
5.995567745215589106e+00
5.571583293795473679e+00
5.337520422722398905e+00
5.911777226482456626e+00
5.179960383998537310e+00
5.059953025600777643e+00
5.268074418677332282e+00
5.284216836058659439e+00
5.539899436498881613e+00
5.301145555485546446e+00
4.598506826658000257e+00
5.208766462571528422e+00
5.480273103693201087e+00
5.062059479672054607e+00
5.697791566397283347e+00
5.172411288071026902e+00
5.060157893860057321e+00
5.229047712571293971e+00
5.157608189318963809e+00
5.742522746961670421e+00
5.266372220988805530e+00
5.127184451416709976e+00
5.382298449042463240e+00
5.397233619537728622e+00
5.362380900881256629e+00
5.218951963643924330e+00
5.422222923978199383e+00
5.854103510783289721e+00
5.305083132800640477e+00
5.474160612136349968e+00
5.239921148833232678e+00
5.599921552868822872e+00
5.535938301411504447e+00
6.644038748468950040e+00
6.086672811832881003e+00
5.207359049880770918e+00
5.607031643420332223e+00
4.330176716515489410e+00
4.747303760055307187e+00
5.138113273074375265e+00
5.142205506379708524e+00
5.739385741480263370e+00
6.391653758060048318e+00
5.740623985106411808e+00
5.417851099507815960e+00
4.359024073122060194e+00
4.174662974388719583e+00
4.422111394964015396e+00
5.059550373136174173e+00
4.443358070277565908e+00
5.030459951836444787e+00
3.938849311148262977e+00
5.123340793752826805e+00
4.633677470885274374e+00
4.541263531500545625e+00
5.714698754863645647e+00
5.632201883407800480e+00
4.613861866590987404e+00
5.161018386620091825e+00
5.658219626172703798e+00
4.238663973074895175e+00
5.263002670854528553e+00
4.406511754975312556e+00
5.693409728248569834e+00
5.531905262783800126e+00
5.177668392080621018e+00
4.567826092223381096e+00
4.739940350708653938e+00
5.295641557191877347e+00
5.335430913581110879e+00
4.288087162796063723e+00
4.695230984028289534e+00
5.662253779929112163e+00
5.053115737381013162e+00
5.105263181502783354e+00
6.533787354629024158e+00
5.929572880855652706e+00
5.733748172191079462e+00
5.389597452573776870e+00
5.991781608569273665e+00
5.478972313989727283e+00
5.841420090075467364e+00
5.402570360935971649e+00
6.063934194955018953e+00
5.732266627469041254e+00
6.041569154996922819e+00
6.774997954933926536e+00
6.023265104177624174e+00
6.487317870116321217e+00
6.734763406582797707e+00
7.003588695637946060e+00
5.741152400754771179e+00
6.860137158446198313e+00
5.322302551153729411e+00
6.401023555459657288e+00
5.680398920081305647e+00
6.417304582694535853e+00
5.226910911331296816e+00
7.229898325291634897e+00
5.469357266310402643e+00
6.989371861341338921e+00
5.518180932596397525e+00
5.599354411029023204e+00
5.116656068384073386e+00
6.530845554157560073e+00
6.826588735218555470e+00
6.894939714205019499e+00
6.630837715128484078e+00
6.580513264200955170e+00
5.597452391259453819e+00
7.020273321246505382e+00
5.507695188449369006e+00
7.859009204601665743e+00
7.085619939890833940e+00
6.905165303166416635e+00
5.016013598873652946e+00
5.419289223228776819e+00
5.463032301530166279e+00
5.180200218993802785e+00
4.700536502433558361e+00
5.197342669069320742e+00
5.532032802521909431e+00
5.028199098545847789e+00
3.996143194093279227e+00
5.152313747573363578e+00
4.881724197228543005e+00
5.083473546687200084e+00
4.672871723698860613e+00
4.799083004914345807e+00
5.697092988289572446e+00
4.936381804100954618e+00
6.057587742996936697e+00
5.833615284049623817e+00
5.448560234643619715e+00
6.262339531356019506e+00
5.960010030673232428e+00
5.828309923892096123e+00
6.173450227613428432e+00
5.204515721385120308e+00
4.924531448608899353e+00
5.370775584382825762e+00
5.612114208487069433e+00
5.819841964425746639e+00
5.416483171176065703e+00
5.344681422674832483e+00
6.285966065716709572e+00
5.145118745262355020e+00
4.878065333793333735e+00
5.636601931511951769e+00
5.133726005874033049e+00
5.409245512003225898e+00
5.383389203841694837e+00
5.918130028078650184e+00
5.072016036820918394e+00
5.521046666226130384e+00
5.690418246208019504e+00
6.667506713403702712e+00
5.974071322221489844e+00
6.043728220631273906e+00
5.755366454181304547e+00
6.357436150896094595e+00
7.287077205451617523e+00
5.936412149813080852e+00
3.767500577509076187e+00
4.994029828918922220e+00
5.809861420425345813e+00
4.941816370860768970e+00
3.975001170129853989e+00
5.669326371724409341e+00
4.253499037218393397e+00
3.602282115376351790e+00
5.751985797477795259e+00
3.321660503192075176e+00
4.539160345067534408e+00
3.502589180324720441e+00
3.080653412660967927e+00
5.547905190882891802e+00
5.233337156306743232e+00
5.415238373835570052e+00
5.074825335667403792e+00
4.567978606678781972e+00
4.861938028542308388e+00
4.663035143154300677e+00
5.573331734626274958e+00
4.751989832790073365e+00
5.111669222531520340e+00
4.825594874414270485e+00
5.603096923984119293e+00
4.329266023148085729e+00
5.720726738995554506e+00
5.320586293703632563e+00
5.578740859421476017e+00
5.700893465933839721e+00
5.211584449603529734e+00
5.345719625535859443e+00
5.337501309049139664e+00
5.214223399651698010e+00
5.521614733858918100e+00
5.655699508417070476e+00
6.033183118741079376e+00
5.271243336766437970e+00
5.251074438436475589e+00
5.282361457447277253e+00
5.660528925029121083e+00
5.215096306535036419e+00
5.370470000762226803e+00
5.017702679615516637e+00
5.274181676770492544e+00
5.437183316835128011e+00
5.433165841597746848e+00
5.695685924093506713e+00
4.714659394822065863e+00
5.045936790961703444e+00
5.775174381578242588e+00
5.688715645585977754e+00
5.594128173934391768e+00
4.166799110143348805e+00
5.646942458569544243e+00
5.567295261257157790e+00
4.931840457630449315e+00
4.765678278601534146e+00
5.053387013295634667e+00
5.264844842859853991e+00
5.628317309149682757e+00
5.692836280599435916e+00
4.978518593955739924e+00
6.087293309421904830e+00
6.132921422020076285e+00
4.853145700945529661e+00
5.682457918186594625e+00
5.734681384291148376e+00
5.941574621588472382e+00
5.085218864304800412e+00
5.878024919022361239e+00
5.160119223059858484e+00
6.222519434850242170e+00
5.940071817011721045e+00
4.316893918235799710e+00
5.497731000671690182e+00
5.688800722977690683e+00
5.480949505297091129e+00
5.617167393377147988e+00
6.641884800584157311e+00
5.110369457575762553e+00
5.454242314466475783e+00
