3.817845128799001397e+00
3.376026668001065989e+00
4.731075433107366557e+00
4.680460255842676887e+00
5.163314891227178904e+00
4.712383067610724119e+00
4.047075529126968441e+00
4.870464288060179392e+00
4.974315891543590773e+00
5.452154536334171020e+00
5.683686784486936538e+00
4.620622100571952551e+00
4.884896945601585827e+00
4.575519536144905253e+00
5.478912602326569292e+00
6.343148229593234433e+00
4.531253918765679067e+00
5.657173340729539923e+00
5.050234705885126019e+00
5.690564666041344033e+00
5.840917108141813863e+00
5.519769069657614047e+00
4.414322346163396915e+00
4.393234322979594708e+00
5.033309906166708814e+00
4.999450839605946051e+00
4.286530304090839572e+00
4.952728511737288564e+00
4.543641054023177972e+00
4.688863884693971862e+00
5.268413064136317381e+00
5.856453209022464357e+00
5.992642584887041934e+00
5.618189469336155817e+00
5.880431525342866728e+00
6.215769723153685256e+00
5.773138245420527781e+00
5.333608562117043483e+00
6.154278171058124691e+00
6.578881240354255588e+00
5.962640925990730700e+00
6.514200965420799072e+00
6.562826274415076711e+00
6.572625154271400483e+00
6.792586110328822535e+00
5.660945207660634360e+00
6.689215146533633138e+00
5.536110909410370873e+00
6.773179576190563544e+00
6.027280781805800736e+00
5.419846697805997593e+00
5.998757476252536414e+00
4.955333107474253929e+00
6.017914625199329848e+00
6.257804534174376876e+00
6.753145046862797152e+00
6.511819428621042682e+00
5.189648923907838274e+00
5.425038900562002553e+00
5.392693692908940406e+00
6.479718370169765151e+00
6.325644617754742960e+00
6.333485477004642483e+00
7.246879325928111015e+00
6.971935211943534938e+00
6.141657150407980659e+00
5.545068312506074015e+00
6.758921539199327810e+00
3.724861883341539670e+00
5.630842024851490102e+00
5.163497390713422064e+00
5.080677174685813924e+00
5.124883693781270289e+00
5.804113662143004504e+00
4.925135586211386141e+00
4.814957465060499153e+00
4.753723014769729360e+00
4.439982128254949423e+00
5.039571972065153282e+00
5.004122525802843668e+00
5.521434324330571464e+00
5.397021298698465586e+00
5.847368351677252996e+00
5.675559253842620500e+00
5.181469121516894205e+00
6.313967407121897857e+00
5.187377768294880731e+00
6.171453117690976597e+00
5.791753515273616593e+00
6.561857351046895381e+00
6.543391002129860468e+00
5.858474936768515384e+00
5.231670878627929788e+00
5.443129665561819763e+00
5.261949599490993279e+00
5.717615708760933835e+00
4.178235321933568613e+00
5.497026742775596553e+00
4.313987067635287609e+00
5.347403199976300314e+00
5.030370469666999966e+00
5.507490081184728936e+00
5.599270766731325288e+00
6.208498171670449040e+00
5.582118554223334250e+00
5.120146017359399337e+00
5.333556842720814650e+00
6.346540054537726405e+00
6.228221241870505409e+00
5.920665230883601637e+00
5.720526642534059292e+00
5.524717091762386900e+00
6.989035387521500553e+00
3.986796264006803536e+00
5.330249549917676077e+00
5.742828881230223281e+00
4.239306529215367547e+00
5.151075443430691791e+00
2.741259423890461733e+00
3.291857163651279006e+00
2.386138982395650476e+00
2.869552567722521541e+00
3.251206296999440859e+00
5.572183662240364654e+00
4.762203586395063581e+00
3.627277270165486733e+00
5.067175102221535887e+00
4.912618509575834125e+00
5.465242768406346485e+00
5.123210256762465775e+00
4.985025101261819636e+00
4.914184988970070833e+00
5.334037968332920876e+00
5.584160115251961543e+00
4.945354688830088996e+00
4.963258279866823663e+00
5.248844308859871965e+00
4.951125204128159929e+00
5.499655969967821356e+00
5.892989353476192349e+00
5.098922459746088265e+00
5.334181398439380217e+00
4.707974435550839942e+00
5.538118311938580618e+00
5.487147500846510262e+00
5.129905132877240703e+00
4.418297320966527053e+00
5.433895010424575567e+00
5.249515744264811268e+00
4.892146035420238626e+00
4.685055397792734944e+00
5.649023691557677473e+00
5.732651064276559794e+00
5.537379678356839641e+00
5.474155469953903896e+00
5.971533807319698184e+00
5.707219533494473751e+00
5.549852395875701561e+00
5.544613436942563034e+00
5.059230619839937937e+00
4.951808262592909848e+00
4.836058761403802642e+00
5.373378580285888440e+00
5.546170763376135682e+00
5.245252893336521005e+00
4.622037269220286682e+00
4.952188446197510530e+00
5.245372344513281604e+00
4.825031516439152846e+00
5.857808526821057349e+00
4.888153714978627384e+00
4.902878600803149745e+00
5.280672052217795454e+00
5.354240633338572586e+00
5.880062584525830971e+00
4.851522810779116845e+00
5.177877555161398249e+00
5.627248229652655809e+00
5.651719522154230013e+00
5.313909935941667051e+00
5.361779264471408624e+00
4.936894964493811599e+00
5.576681392267623494e+00
5.318425812817791254e+00
5.573525743507246055e+00
5.506901019971857103e+00
5.657648447568958794e+00
5.971120155930963236e+00
6.387236620518100594e+00
6.073117202993425501e+00
5.367576726170700141e+00
5.284162956765649177e+00
4.830234994043648200e+00
4.701082480440726741e+00
5.308402830164751229e+00
5.471630236828088911e+00
5.932731332906721278e+00
6.543387168963987754e+00
5.559036114759215330e+00
5.380133687755342287e+00
4.224681360146383291e+00
4.494112355016942395e+00
4.298131337085639991e+00
5.075492470070368967e+00
4.497507374640025368e+00
4.879478733727723672e+00
3.479556648060792678e+00
4.818197711712499220e+00
4.905232335247573516e+00
4.487995689214961281e+00
5.610880522759717159e+00
5.417908578614269999e+00
4.728138002438018184e+00
5.019338983063556192e+00
5.769720081071900708e+00
4.386056531541048464e+00
5.544019158773650702e+00
4.269171263700695107e+00
5.687608813705637090e+00
5.930567439614281788e+00
5.508856767631073126e+00
4.668889062999831197e+00
4.925751608001107229e+00
5.792201928903229380e+00
5.053967844132301046e+00
4.897292322780036677e+00
4.796359741407483668e+00
5.554779100739918540e+00
5.044624935032494761e+00
4.884059289018051864e+00
6.493949365422187370e+00
5.671570817752720650e+00
5.678338891077436834e+00
5.755300408448579930e+00
6.121140442247009261e+00
5.671708440043924604e+00
6.099801434907599074e+00
5.488774484628045514e+00
6.064572024459907951e+00
5.406071384238992472e+00
6.448546625754422834e+00
6.814474545381862924e+00
5.745245823098765747e+00
6.547571784492019376e+00
6.726151002030195336e+00
6.889470038977594690e+00
5.480942960344339809e+00
6.260461525012368078e+00
5.383201060356590517e+00
6.185877070609341111e+00
5.525305674020062341e+00
6.351876379576800957e+00
5.235012937537836919e+00
7.276581644928310943e+00
5.557407373541599860e+00
6.935780438699862493e+00
5.383165322602373237e+00
5.249519548293296367e+00
5.750704304552677115e+00
6.844543376372654642e+00
6.704516366470008926e+00
7.042018661776176636e+00
6.298672420436520980e+00
6.172274622180574433e+00
5.772503655028116576e+00
7.073370042875769315e+00
6.300953429430856900e+00
7.319301104387701429e+00
7.102025330937004277e+00
6.269715229669145629e+00
5.100833873662840467e+00
4.999219690075364930e+00
5.064127216690163635e+00
5.351743550650656545e+00
4.739332840502108901e+00
5.066088972589689376e+00
5.437885984507943249e+00
5.127405736482077536e+00
4.283519891897985765e+00
5.090098961679150769e+00
4.930290562207759741e+00
5.183846965338077872e+00
4.856546860211829575e+00
4.686683153740998087e+00
5.611884070205293007e+00
5.212924990362560074e+00
6.145610469404886977e+00
5.595960200971022758e+00
5.440908056111127600e+00
6.250051974329103643e+00
5.723145959840538310e+00
6.188284130476007228e+00
6.228654334305377738e+00
5.444421471824433034e+00
4.811665548462924491e+00
5.311446867261619076e+00
5.524115488694661735e+00
5.807399583927975506e+00
5.088954584594414854e+00
5.483837893626989590e+00
6.520226088601967618e+00
5.043585608475672721e+00
5.206326319520414359e+00
5.579929991045695203e+00
4.863280139877499408e+00
5.481740328483275526e+00
5.519882686182527642e+00
5.737710865043866626e+00
5.300588197630093923e+00
5.383573892630728608e+00
5.569198261228001989e+00
6.560033495847262586e+00
6.064233077901082680e+00
5.609248401547025864e+00
5.883692306460884147e+00
6.453130091844082372e+00
7.682332219225274983e+00
5.676468603373604260e+00
4.075418856632603060e+00
4.503186093493892983e+00
5.568765043248397717e+00
4.854424858659253772e+00
4.004109215951343614e+00
5.826139280016049860e+00
3.845174024702174620e+00
3.384462182777883577e+00
5.797781198076773279e+00
3.257420252381605152e+00
4.653181538364178138e+00
3.480305440645427240e+00
3.002562535282467415e+00
5.416033534343241307e+00
4.997644888390032847e+00
5.245813790616886685e+00
5.175338305378236470e+00
4.754566333548605250e+00
5.057153287708798572e+00
4.833448165535620511e+00
5.673888110364851300e+00
4.622252624818124822e+00
5.141557259788083201e+00
4.788646438631966262e+00
5.197871406073238276e+00
4.685082529105756954e+00
5.711612259387962354e+00
5.008090671153577311e+00
5.686958087675898277e+00
5.914715659839407280e+00
5.251349999601733209e+00
5.303954801109236783e+00
5.119373126747139402e+00
5.200226889642591388e+00
5.622550580400575981e+00
5.520524328841450945e+00
5.917214013265626349e+00
5.639660039332602182e+00
5.255145779535393302e+00
5.075084556034163086e+00
5.847496073123267024e+00
5.051535528831479382e+00
5.229322920187716939e+00
4.877632687880949725e+00
4.863446003771779935e+00
5.391355824861484791e+00
5.331453425869370655e+00
5.509623929283854693e+00
4.858736746773193893e+00
4.475771351561985689e+00
6.253446549726595194e+00
5.695031118605884402e+00
5.461559086157254050e+00
4.359799105947675280e+00
5.572203083753249686e+00
5.662616687540394267e+00
4.667833150168481104e+00
5.084405216777684977e+00
4.976766195752520439e+00
5.181621191592175713e+00
5.357554013750264410e+00
5.692803925274397159e+00
4.913533382275979022e+00
6.122600840659294441e+00
6.113794384198641296e+00
4.929721380124794550e+00
5.547445580277013732e+00
5.885065514297112443e+00
5.440900778964809170e+00
5.175858506890496535e+00
5.868656939078508827e+00
5.336977195828903398e+00
6.471542975271109555e+00
6.255699012882388388e+00
4.271532877329209832e+00
5.644114469082035512e+00
5.561183200201184285e+00
5.298613936735502072e+00
5.659752426747446385e+00
6.352530631504705205e+00
5.304310667402133639e+00
4.959412690774837706e+00
