2.931185401243140198e+00
3.144336195072438223e+00
3.120478121998783383e+00
2.837178334236174937e+00
2.819043429969575687e+00
3.071613303629093128e+00
2.908638752104132141e+00
3.293610937770796721e+00
2.734456132287818253e+00
2.880498555440034636e+00
2.734588152583574683e+00
3.157875191917941304e+00
2.498000083301997964e+00
3.089779749700107381e+00
2.767681942542743467e+00
2.690952492714800748e+00
3.208953624160807649e+00
2.567395150949524307e+00
2.985107939216469219e+00
3.047773220071956057e+00
2.591322226027363396e+00
2.625732188540473633e+00
3.231572066626054784e+00
3.005843644347390153e+00
2.834831819262705555e+00
3.031957679695376218e+00
3.171114900796560221e+00
3.279995752553527932e+00
3.193009534411487049e+00
3.163710000259229993e+00
3.276807231091305006e+00
2.960633343441937182e+00
2.864733006211857891e+00
2.370121220012604280e+00
2.770140876239008954e+00
2.545029522260751520e+00
2.828410702222473372e+00
2.641998310814105189e+00
2.843188794737260938e+00
2.960473088739515646e+00
2.810763700408819066e+00
3.080638530295019439e+00
2.590608389687155011e+00
2.724901811363779736e+00
2.607755465166412989e+00
2.862103030842981788e+00
2.663861762815433298e+00
2.684164471577437983e+00
2.813680690371218596e+00
2.947818378083405744e+00
3.019352559755529075e+00
3.039026565860857509e+00
2.851360111469416037e+00
2.670849979349195102e+00
2.955601981959930846e+00
2.714314835817261962e+00
3.024776299841424709e+00
3.226330772449051310e+00
2.989870344316642559e+00
3.133474727127095072e+00
2.882393175250449247e+00
2.777439773054189764e+00
2.903607363702995769e+00
2.907946151867379925e+00
2.921562059987929505e+00
2.981384217352810229e+00
3.215928649275414664e+00
3.002524072218518025e+00
3.270677538468760748e+00
3.346250669596785965e+00
3.544971488085730815e+00
3.472543100986408504e+00
3.123608793807843398e+00
3.436559496086269316e+00
3.285130239196406787e+00
3.254745169331322963e+00
3.297475085542670659e+00
3.236278979910912845e+00
3.269193051906024827e+00
3.180528198619437585e+00
3.481829497780821292e+00
3.219199117271749344e+00
3.478218642117777204e+00
3.265462566792389776e+00
3.043644629774426846e+00
3.055733489345340281e+00
3.311608916786829671e+00
2.969206935926103075e+00
3.382570966093919385e+00
2.992864395879994532e+00
3.232956977950287136e+00
3.174488735835877318e+00
3.543221731972562960e+00
3.213660256693442019e+00
3.876081669470138991e+00
3.537173878104271196e+00
3.021804975293768347e+00
3.238732002024921730e+00
2.928294438666709798e+00
2.958069472223701535e+00
3.344995085838791571e+00
3.134943822059273355e+00
3.359050556164560053e+00
3.355941887461817874e+00
3.719017362982770081e+00
3.466682500023637648e+00
3.095723478106609861e+00
2.929419131664297904e+00
3.377083487246670401e+00
3.070790905837608609e+00
3.179643568123676989e+00
3.147041733170622191e+00
3.092960054569371398e+00
3.320632228840870059e+00
3.367101371608910210e+00
3.555751409258220086e+00
3.773003938975173721e+00
3.602120918963195528e+00
3.374199316614025168e+00
3.283987236469925186e+00
2.914958264040488078e+00
3.469246971869178964e+00
3.091214924282794207e+00
3.482624804415883180e+00
3.412231634653557055e+00
2.473270898732523371e+00
3.472645096448555346e+00
3.769140947214537185e+00
3.516179126036989011e+00
3.367220396307226693e+00
3.456545256187350645e+00
3.532593076248049080e+00
3.526240560084953124e+00
3.639669953627554744e+00
3.461726522191480360e+00
3.490928757925909842e+00
3.623053375912953289e+00
3.384687306184691380e+00
3.694216131726268948e+00
3.360094049556034079e+00
3.305322253410420963e+00
3.508665685164751302e+00
2.828328581981166767e+00
3.203810163303396408e+00
3.281433658123241059e+00
2.695341542418438152e+00
3.033930868291170313e+00
3.202829882253523053e+00
3.508664486718305664e+00
3.511113232583242816e+00
3.548622846311795698e+00
3.693473761386488086e+00
2.861638886104235890e+00
3.392671535133119587e+00
3.203518107807211912e+00
2.801386679309047611e+00
3.019937693776714838e+00
3.292297689168194097e+00
3.144791629227513319e+00
3.391154626328138022e+00
3.558237201355560764e+00
3.410653024998044014e+00
3.437614150770347710e+00
3.709502504721952310e+00
3.415396610471571393e+00
3.125000235183856390e+00
3.369959987418019054e+00
3.759583214716263999e+00
3.616229960496417650e+00
3.258457138100958161e+00
3.178813581695791424e+00
3.263259948853070913e+00
3.788726928049594100e+00
3.549554192338729930e+00
3.235079448264003510e+00
3.617055941888347004e+00
3.359255261633185441e+00
3.641487840956525446e+00
3.652086591124756865e+00
3.639155238994140618e+00
3.764264421571956731e+00
3.505424515710551692e+00
3.323275720131537714e+00
3.755468859644121693e+00
3.379233476583280993e+00
3.496257516043120184e+00
3.639575964565346045e+00
3.326736282986859194e+00
3.201538728520089361e+00
3.482804414302618667e+00
3.449166453000350074e+00
3.846506894819107458e+00
2.900426381831363365e+00
3.231850430210581049e+00
3.632375666056931518e+00
3.423823300715155504e+00
3.201458721019036613e+00
2.942900228515995309e+00
3.359765918747464220e+00
3.461280962849184295e+00
2.818665940970470629e+00
3.465630326871870004e+00
2.912539524524223822e+00
3.091270635904352915e+00
2.885720542850450432e+00
3.074184318077590738e+00
2.561333801739936966e+00
2.867724927215073105e+00
3.338542533371089416e+00
3.139248582171029867e+00
2.881449839434276239e+00
2.787107001266416084e+00
3.175856798238221312e+00
2.540385956276063784e+00
2.747574491107162231e+00
3.251950776935479848e+00
3.036733040468386768e+00
3.176821222333704675e+00
2.606630964745031864e+00
2.473891710081388418e+00
2.934173155963286650e+00
3.299939833358871422e+00
2.949573173123098968e+00
2.856077373308897105e+00
2.915497029449531485e+00
3.170308088448872574e+00
3.264451513283663342e+00
3.192011868671655872e+00
3.036667842195217126e+00
3.111423815561614514e+00
3.114493286664598681e+00
2.826893312734958918e+00
2.704940852916272842e+00
2.407210460715124345e+00
2.692718996398628661e+00
2.302584688751854625e+00
2.760140723625004178e+00
2.872376071812652754e+00
2.515609805411303856e+00
2.696723601150184280e+00
2.953807028228640608e+00
2.941231051491342008e+00
2.746009020962586700e+00
3.081167187446597566e+00
2.586906928199561584e+00
2.632837789121939664e+00
2.864067977816205257e+00
2.636342685526426699e+00
2.891366231608916593e+00
2.688560273001417755e+00
3.042273204611021242e+00
2.880012850595450757e+00
3.047017383017872394e+00
2.623418612598777067e+00
2.915777579839478939e+00
3.054367680728618861e+00
3.096999482492486244e+00
3.271777634282687419e+00
3.081091324270094578e+00
2.903144548614308817e+00
2.739684294074807180e+00
3.168397499920515781e+00
2.577196986803359735e+00
2.859753028587676216e+00
3.178543779239617617e+00
3.096602349407299393e+00
3.110843520522312833e+00
2.959924672400460199e+00
3.098148039227294426e+00
2.959836568626613040e+00
3.095687359268378014e+00
3.515931437698190276e+00
3.418395602930935251e+00
3.487832866873381121e+00
3.481860622783180315e+00
3.163289394262908338e+00
3.408101528661488189e+00
3.440554329109498433e+00
3.164904836590239245e+00
3.426225362829234733e+00
3.448526667395134027e+00
3.380477558073935462e+00
3.245832564905018369e+00
3.460982204677381269e+00
3.430752851266710035e+00
3.398029586114351019e+00
3.298817954028133048e+00
3.437159023512902589e+00
3.190526179517557015e+00
3.223680750555877328e+00
2.877255675124427814e+00
3.120304770904665848e+00
3.236518776869144354e+00
3.481515074732517867e+00
3.125524124106236368e+00
3.286671472861247167e+00
3.346624859694625531e+00
3.400749329525695863e+00
3.652409112924400070e+00
3.956201738276718949e+00
3.195531855287602863e+00
3.055881387513046388e+00
3.405986651349760308e+00
3.278836016065759917e+00
2.840463940495680628e+00
3.716162442551383283e+00
3.256517295693809988e+00
3.530925278528250999e+00
3.602112992021992977e+00
3.738563062178400287e+00
3.276046606297378094e+00
3.312473248795940073e+00
3.588689042209603386e+00
3.347431280413268873e+00
3.382160146735463169e+00
3.075201286667923917e+00
3.253449543566214519e+00
3.318104330457392059e+00
3.173307339217935841e+00
3.211097987411013488e+00
3.490188408009481602e+00
3.496577241883008114e+00
3.094879531783199411e+00
3.317030349557319902e+00
3.220825577349362590e+00
3.460091037781166001e+00
3.315482468804574090e+00
3.437248651342162731e+00
3.242621365299986458e+00
3.674325933014080725e+00
2.942421976003092521e+00
3.537971415602191527e+00
3.909235295995803217e+00
3.521832444260084127e+00
3.628699729517679717e+00
3.515830769102608944e+00
3.498322169863581799e+00
3.676154166599648665e+00
3.460037002677998963e+00
3.096209782460368043e+00
3.604931998880864796e+00
3.370182292088611753e+00
3.465516065628023057e+00
3.710810377951196948e+00
3.714102487336168767e+00
3.185157028027318926e+00
3.060753833839779059e+00
3.600243023022970057e+00
3.392771112969692471e+00
3.212109045446173816e+00
3.549244454248707825e+00
3.430052420935088442e+00
3.452584806247620541e+00
3.582288915192451295e+00
3.673198587199345333e+00
3.169769572227436161e+00
3.518368597633395378e+00
3.276256769060846175e+00
2.435111781754215166e+00
3.257424307973706856e+00
3.221721834283207464e+00
3.366290136447531278e+00
3.458416921119404464e+00
3.416825795840091828e+00
3.544134542736434579e+00
3.543204096214108478e+00
3.625222106576211356e+00
3.595851334240395047e+00
3.242852390764076720e+00
3.477461708389703254e+00
3.435830719948492984e+00
3.098190377306286880e+00
3.381129668800520349e+00
3.118952778149508553e+00
3.057342531440338629e+00
3.468871953175572287e+00
3.304956821512849974e+00
3.376231564766420501e+00
3.921252225580211359e+00
3.942824762988746290e+00
3.441408563361279871e+00
3.633888759614181563e+00
3.398121812276274856e+00
2.526002767547954608e+00
3.497831900130555116e+00
3.397477609898230444e+00
3.073486250440879974e+00
3.723121373031780035e+00
3.273055084536736992e+00
3.620143355738197677e+00
3.358318559930432823e+00
3.685081562307764180e+00
2.440014939725810184e+00
3.284084483686578793e+00
3.804240874204926737e+00
3.636284554978074457e+00
3.358488364663791526e+00
3.013926645490623279e+00
3.605433081122482619e+00
3.376612141846701221e+00
