1.949915187015813789e+00
1.756527417597350205e+00
3.594272175550621284e+00
3.696013754901410042e+00
4.200484887151365143e+00
3.716101802190187708e+00
1.932961472470957176e+00
4.673796760702242814e+00
3.697476418013634358e+00
4.116592599088736648e+00
5.096507337511780200e+00
4.308841122396259493e+00
3.392404669526519534e+00
3.973947905753228316e+00
5.361448322235630393e+00
4.803502190132912020e+00
4.317961334132811579e+00
5.302600375794719767e+00
3.959842387267739738e+00
4.583592809071952878e+00
5.344666566841622668e+00
5.470084089194325649e+00
4.082988421414213143e+00
4.428790114601456551e+00
4.841892565719582819e+00
4.566458759250764388e+00
4.082190664022196103e+00
3.946464047147668630e+00
4.925062284238388877e+00
4.961399590714703933e+00
4.896644773596722899e+00
5.102847995778301282e+00
5.179582194994004851e+00
4.412890490111857744e+00
4.847299900684507890e+00
5.168877598351815372e+00
5.096619362387804664e+00
4.847953444619693464e+00
5.769110131249084894e+00
5.717365921048306099e+00
5.292786401144002006e+00
5.576544719194918009e+00
5.705343597200433159e+00
5.333328741264778294e+00
5.664428933352213313e+00
4.937905777702601640e+00
6.021632816066873950e+00
4.891095620490633955e+00
5.887874158244854605e+00
5.362311534359328391e+00
5.016213089797830982e+00
5.085169688976245439e+00
3.816652408255376994e+00
5.063930103253850845e+00
5.485933660791905808e+00
6.005783732116311668e+00
5.439233677399642808e+00
4.778651827009782416e+00
4.471369253626114926e+00
4.746808974444975959e+00
5.454834836801633280e+00
5.425001056591143289e+00
5.804073548556752726e+00
6.231941721645747556e+00
6.046796930471612264e+00
5.189327824866800221e+00
5.008463414975083516e+00
5.591682024965515474e+00
2.220522747977806688e+00
4.302304247177835883e+00
4.788921358019513796e+00
4.646099741730941979e+00
4.111184276445611907e+00
5.091974840433659111e+00
4.706460518312798769e+00
4.131576759274984134e+00
4.547104684658683560e+00
4.273460008875319183e+00
4.454924176776160927e+00
4.606956479014295169e+00
4.921420160604969674e+00
5.131073322575812057e+00
5.577870379331797857e+00
4.459711312797369764e+00
4.620365874916551263e+00
5.175292053355122768e+00
4.653854426310834569e+00
4.937780649405238087e+00
5.380838334789035393e+00
5.505712455119109450e+00
5.854662642843910803e+00
5.830254550813692482e+00
5.241284407484629426e+00
5.065508423256084747e+00
5.099779536713930916e+00
5.405378740246502112e+00
2.928945898359212485e+00
4.672526812504745664e+00
2.713820085138189064e+00
4.295043801177291343e+00
4.004265026405855465e+00
4.499576229860241305e+00
4.982615734505062122e+00
5.898658465530441042e+00
5.104105407895288771e+00
4.391137487812581952e+00
4.174916791231889412e+00
5.836065113241694746e+00
4.775557465627534803e+00
5.366103880176776642e+00
4.900079470687798811e+00
5.467656389065430389e+00
5.861960939432148798e+00
2.064300893023684580e+00
3.654170013532664019e+00
4.789856258404257439e+00
2.738436995425373777e+00
5.030104007486830398e+00
9.786411341409676501e-01
1.573066202831809202e+00
7.810935841795115797e-01
1.169412184833060531e+00
1.292747706493097670e+00
4.542710098410133845e+00
3.038880174389491096e+00
1.179153015322998099e+00
5.050097059564787827e+00
5.212436664472576808e+00
5.210817718926810116e+00
4.790995903361651820e+00
4.817839025560693322e+00
4.688114646438362065e+00
4.512235480088659045e+00
3.958045769234494138e+00
4.288516839904085387e+00
4.018428639777585687e+00
4.539948132244004952e+00
4.177296258849978017e+00
4.899463861677095800e+00
5.321195877531002871e+00
4.426237667153481325e+00
4.669274234313284033e+00
2.541184750758526789e+00
4.752652502049636851e+00
5.133736024957348931e+00
4.536797714537510018e+00
3.259525119057696152e+00
5.097446577357007236e+00
4.113060491891809001e+00
3.117708958601293823e+00
3.526955877383891380e+00
4.591527550095413801e+00
4.781895837979402764e+00
4.521396303254637594e+00
3.794207519245399673e+00
5.170535688597047042e+00
4.609782639802483928e+00
4.441270762038613817e+00
5.346659623121766458e+00
4.603298415531067889e+00
4.384243768277691800e+00
4.706578810768665022e+00
5.140748566924977503e+00
4.710378034826081972e+00
5.162107112064094672e+00
4.251512612176521877e+00
3.944937243045546271e+00
4.601797884988331866e+00
3.925627326569492315e+00
4.010005902993032834e+00
4.203627126105638823e+00
4.161629935054703466e+00
4.034070237698033523e+00
4.421358310865097785e+00
4.935268563131637976e+00
5.090670944628095107e+00
4.441283300877568507e+00
5.333096850914510689e+00
5.203434872533690303e+00
4.463535514211486976e+00
5.129439087361316041e+00
5.112774228668707899e+00
5.275612017045528290e+00
4.995654575156638799e+00
4.929244470781107168e+00
4.376591241559038892e+00
4.495541423822634997e+00
5.254016955196104455e+00
5.636725722699096330e+00
5.097414547589739442e+00
5.013410696986217552e+00
4.202011001485190356e+00
3.550774215982443582e+00
4.639505757643167527e+00
4.631344670515125550e+00
4.647349281494649986e+00
5.048431824990641026e+00
5.750552776082058948e+00
5.229434558611870898e+00
4.665225009279913237e+00
2.696767458028983544e+00
2.371686648064115666e+00
3.538861481139726539e+00
4.057153256660082974e+00
3.824226244756881776e+00
4.106680739012353420e+00
1.429801656633177487e+00
3.890234323539503603e+00
4.054201409277864876e+00
4.140049224361413316e+00
5.071525269610344111e+00
4.688082659910760341e+00
4.082222801520945410e+00
4.522040275190859937e+00
5.486800822380702769e+00
4.836083730982154272e+00
5.059219619760956910e+00
3.910501565331735652e+00
5.831732301599548585e+00
5.316998873942246462e+00
4.918337716409932447e+00
4.092744348656989217e+00
5.137459698351005244e+00
4.380126593989293049e+00
5.124724285839841187e+00
4.181949246139314624e+00
3.989510416061074594e+00
4.969725359938382603e+00
5.097776361694017488e+00
4.215468617224269465e+00
5.659652427924658724e+00
4.870229769988183577e+00
5.225900007631897992e+00
4.153161993799741047e+00
4.911351271540353558e+00
4.708984986388697891e+00
4.862739726542979923e+00
5.272304585042784986e+00
5.273847693460111508e+00
5.237176531071530583e+00
5.856013865936445129e+00
5.662566836495709133e+00
5.249830179753158355e+00
5.680144410242734310e+00
5.846639964146891799e+00
5.927092184702989819e+00
5.116661503728145988e+00
5.607939352472473438e+00
4.750467681859733560e+00
5.022121240139986398e+00
4.995842269492593246e+00
5.372666146786346353e+00
5.084062982332360647e+00
6.044541835795969043e+00
4.647800470195061706e+00
5.399536258792362986e+00
5.013475508507029055e+00
4.750366512356348991e+00
5.113326246323565805e+00
6.142089688967825367e+00
5.374616995916050577e+00
6.079527163270618040e+00
5.257817106581256894e+00
5.348865996075200080e+00
4.790110197314977114e+00
5.715402149348503436e+00
5.557393128762117662e+00
6.731683813698158936e+00
6.342869140822751994e+00
5.932250804394310073e+00
4.109559045310972714e+00
4.618304916808551930e+00
4.772773791478478245e+00
4.940051311092028108e+00
4.416273409694084329e+00
4.732584993901949311e+00
4.837419441860539848e+00
4.424774881946546223e+00
3.855104666846525863e+00
4.506901362001389799e+00
4.087318374398800636e+00
4.601561557006761838e+00
4.408145888397211110e+00
4.474313835035261810e+00
5.279902016876361515e+00
4.321145620189976277e+00
5.275293442742132299e+00
5.496907132217827119e+00
5.231349514832928982e+00
5.312968115564352445e+00
4.686336308329453360e+00
5.020554274307317932e+00
5.144104222430768480e+00
5.163357601465443203e+00
4.402885093608835732e+00
4.568486594626068431e+00
4.722519233968111685e+00
5.973420244001875545e+00
4.867460906213232796e+00
5.294230244178327105e+00
5.685111295870608927e+00
4.033275280432476073e+00
3.748700761563065864e+00
4.297540075548192284e+00
3.687249398993078575e+00
4.670940533666946948e+00
3.895864724218030428e+00
5.586857566392705365e+00
5.060603314063690128e+00
4.607384629113205676e+00
5.223086597538055820e+00
5.920228600968362898e+00
5.379246243614511869e+00
5.303357628096564191e+00
4.884021119619654350e+00
5.256862259518977787e+00
6.824150377799586664e+00
5.713882994740256294e+00
2.200204636989659956e+00
3.012533497251445258e+00
3.909641146933567679e+00
3.732740243345654907e+00
2.211760071142006900e+00
4.937246250936754066e+00
1.721463611553140760e+00
1.917233503747680645e+00
4.292990527578343318e+00
1.630822474169992597e+00
3.315687152258375292e+00
1.895281341867523173e+00
1.892128792328086284e+00
4.960834126516270537e+00
4.943729486818191354e+00
4.706890026141252292e+00
4.827007300922443456e+00
4.247808527414484558e+00
4.827388358313246641e+00
3.975879835698037823e+00
4.669466904326905698e+00
2.724058024680787504e+00
4.295879442846586294e+00
4.225950403126636168e+00
4.796118327878771126e+00
3.992611091581150351e+00
4.664303949261872972e+00
3.901891253865896747e+00
4.108876042551430352e+00
4.667309268481725226e+00
4.426873980999986635e+00
4.562793868591235480e+00
4.852685685924646997e+00
4.916649754608482858e+00
4.892586302642393470e+00
5.276273727161354898e+00
5.378306605530382534e+00
4.564291468745367730e+00
4.875997650050165610e+00
4.065023908624443294e+00
4.505494692316149852e+00
4.587204375150188085e+00
5.476465571629685947e+00
4.490823374649733246e+00
4.351948941563391848e+00
4.908177844295772196e+00
4.623065239296276552e+00
4.917315934558337709e+00
3.702224890778247346e+00
4.199671797135810181e+00
5.053683855355409982e+00
4.384246768144548057e+00
4.513426694359405467e+00
2.877514061254839106e+00
4.793682619396093081e+00
4.549290839138605769e+00
3.313582340173214735e+00
4.336197097374512310e+00
4.218445942375398161e+00
4.964873816638816884e+00
4.562413850061746601e+00
5.083053466110798446e+00
4.635908202919599042e+00
5.152337470308748557e+00
5.214696882425521096e+00
3.956910107085021888e+00
5.046674328946100907e+00
4.881958731643542215e+00
4.980421495337759019e+00
4.647968954178602452e+00
5.799476508128430297e+00
4.912842151101965094e+00
5.202483304984870216e+00
5.259479860118064565e+00
3.020479116396741937e+00
4.547326088304479264e+00
4.221390099401522988e+00
4.805319658036180996e+00
4.871912717227622203e+00
5.200479047196728821e+00
4.769887086062951198e+00
4.523139060867882755e+00
