3.945100042671249252e+00
4.324874962055473837e+00
4.079297239755686810e+00
4.093505803972795398e+00
4.429886422814369062e+00
4.307325038376648152e+00
4.743220801610287474e+00
4.157406910921061183e+00
4.314050957109087925e+00
4.101597804952519688e+00
4.373417184447262684e+00
4.129392061716615103e+00
4.288125017640997960e+00
4.553639362167034577e+00
4.794319833606274450e+00
4.085717940841931295e+00
5.238249418654602252e+00
4.860278619617536044e+00
5.412062555840329914e+00
5.210149426659119065e+00
4.961764698999153289e+00
4.556656434042563042e+00
4.153773343960315501e+00
4.352620211665759520e+00
5.967036216834880058e+00
5.411102539711730941e+00
5.091158704478399244e+00
5.456319258171921760e+00
4.276845927208898779e+00
5.337383498945957427e+00
5.970042197449497934e+00
6.322100744223638102e+00
6.066562775445544453e+00
4.971539839742303180e+00
4.829936513752483229e+00
6.182825410796768395e+00
6.168598614588867157e+00
6.031041514406673798e+00
6.538111607721458718e+00
6.141159730032780928e+00
5.582500571778677312e+00
4.806735771049859274e+00
6.035801489192939684e+00
5.416041698704392005e+00
5.631825773660733780e+00
4.940553494483192587e+00
5.533047996483852593e+00
5.643654849550919117e+00
5.664684442780983709e+00
4.816877980968758521e+00
5.818718276402838896e+00
5.968312366238513356e+00
5.663426510266098113e+00
5.874521369079439559e+00
6.321506504711173591e+00
6.099631991169173872e+00
5.675565406296438908e+00
6.074502785094598956e+00
4.919139305177390398e+00
2.816380992017376794e+00
3.232220148872840149e+00
4.794294585651766916e+00
4.040639323499406466e+00
4.642066248080669588e+00
4.220462454146638898e+00
4.280815148039512685e+00
4.823439339991685060e+00
4.300965428855772821e+00
4.122786982624289109e+00
4.496955648676426165e+00
4.913380828533770561e+00
4.906371910543695591e+00
5.252752544070069085e+00
5.181423603294065039e+00
5.407707179563554512e+00
4.531591156785085062e+00
4.835311429262747041e+00
4.628202469101213801e+00
5.043965284705872243e+00
4.643115842679974570e+00
4.874902265506150911e+00
5.839987695947904456e+00
4.883517043973664151e+00
5.623817208598888229e+00
5.917308284251388883e+00
5.215506315269226256e+00
5.017892295324528185e+00
5.085036395448304880e+00
4.805321219977455982e+00
4.776261958404957042e+00
4.064603191552618178e+00
4.696472034493759828e+00
5.474932816112611178e+00
4.881465559371916285e+00
5.466017113219368895e+00
4.859144421391313529e+00
5.270132778994886635e+00
6.092343466140146546e+00
5.323879987329499741e+00
6.408319149587864416e+00
4.639888548561668102e+00
4.631926026663363061e+00
4.794705511727102909e+00
3.666060640799153614e+00
3.774820148356163863e+00
4.704579876476993050e+00
4.735894771365910749e+00
4.947413413352170330e+00
3.278576145624932714e+00
4.241643030389818492e+00
5.275697011173574147e+00
3.387655914494805742e+00
4.590864945823347476e+00
2.386732390653573344e+00
2.409886868183031439e+00
1.828720588206147246e+00
2.055250051663237265e+00
2.347241802814284739e+00
3.780236912716624431e+00
3.545038977297390037e+00
4.827216678944297179e+00
4.467637086025113113e+00
4.975218066474325518e+00
4.571782709970654501e+00
4.904104539793022965e+00
4.191122237453583033e+00
5.402014018888655400e+00
4.517201233298717256e+00
5.158837972201801847e+00
5.149200103905488213e+00
5.052569731234376249e+00
4.612923037379032642e+00
4.557559079092545318e+00
4.315261837941368306e+00
4.721186862139811424e+00
5.176595566252683689e+00
5.087016700995158125e+00
4.707105501599232689e+00
5.258352849894984082e+00
4.358642550725353004e+00
4.557556195878384564e+00
4.356965131382371403e+00
4.726582616225971201e+00
4.391414749678359541e+00
5.041701321181261797e+00
4.715645257622297137e+00
3.527207883336632044e+00
3.580093438543718420e+00
4.942643065650421441e+00
5.244130693525980824e+00
4.771187039485894843e+00
5.018211811159092761e+00
4.882863100442883741e+00
4.833207837598529899e+00
4.664168443501963246e+00
4.622957347739847123e+00
4.856308501611011685e+00
5.901933011375659177e+00
4.707809863281009477e+00
4.806320580086778094e+00
5.002120643735447736e+00
4.520315893018331366e+00
4.837512114752513526e+00
4.263207749917525824e+00
4.899812104654489353e+00
4.600233692558250098e+00
4.981902914099425317e+00
4.641711893567131320e+00
4.420314911195045937e+00
4.893058111214334538e+00
4.867445130301327083e+00
4.552397575181153400e+00
4.340636669740214337e+00
4.887062872831969607e+00
5.078222108633075216e+00
5.103936311785332691e+00
4.629935061856223832e+00
5.046377973440506537e+00
4.908693272290733489e+00
5.677711694328392511e+00
4.687284783098826679e+00
4.920262942720190935e+00
4.358055281126035574e+00
4.524871131774618860e+00
4.762111846044128072e+00
4.314080269757305963e+00
5.149477577014534013e+00
4.617242164512813218e+00
5.167191217531046377e+00
5.265823853135160881e+00
4.984904466784201738e+00
2.948615265727632995e+00
2.971092814294428397e+00
2.940766601334862784e+00
5.196787955286367833e+00
5.500717228527422620e+00
5.005769295955201592e+00
5.014121735825741055e+00
5.171184088723087768e+00
5.329641548379855820e+00
3.779386489944262628e+00
4.327909541621462353e+00
4.600951925002260801e+00
4.344320622841956414e+00
4.130045592983497826e+00
4.288714860346030555e+00
5.050302580081321047e+00
3.908626441026145759e+00
4.642180458924844544e+00
4.215513559019099077e+00
4.446453237677776116e+00
4.282915355113424916e+00
4.086486715771002309e+00
2.618475743286587054e+00
5.001216641830249721e+00
4.744795730794036714e+00
4.394222619212603043e+00
5.362644982403983462e+00
4.792474884457693207e+00
4.773635158090259623e+00
5.080936037079378131e+00
5.161287034404922203e+00
5.340532541285764268e+00
5.063386244021293336e+00
5.259318793894241395e+00
6.165044506323519080e+00
5.192352531516243985e+00
6.458014583043735435e+00
4.794664767744689193e+00
6.344595226586122294e+00
5.272959139408875728e+00
4.642118946213797059e+00
5.342012735964400072e+00
6.551191867041763039e+00
6.133361804299251041e+00
5.948035688030241630e+00
5.963724227116163235e+00
5.946451285029806577e+00
5.181849789877194468e+00
6.417297790541279134e+00
7.158199146009576630e+00
6.652617565651927301e+00
6.137095815199001159e+00
5.665535586634441678e+00
5.063955250730841406e+00
4.728091264605812860e+00
5.030747963792752131e+00
5.144610719182116654e+00
5.414804346643429689e+00
5.628530605717068980e+00
5.340724887629087370e+00
5.789067886421909392e+00
6.282248987660350892e+00
5.522834786094675152e+00
5.960227236193929912e+00
6.431223181767115271e+00
6.187226787925027338e+00
6.111775635235414228e+00
3.554166572275094360e+00
4.723834523975069644e+00
4.271734023881230691e+00
4.266928128542752496e+00
4.984583431129498088e+00
4.235431952869075367e+00
4.754303700635728269e+00
4.166589728617658750e+00
4.665983411890038290e+00
4.727039918401500174e+00
4.474574402597943923e+00
4.268965025287073445e+00
4.844161365439854094e+00
5.167159987779323060e+00
4.869329704207245868e+00
5.232805147531848888e+00
4.508046441303959817e+00
4.789448548354388713e+00
3.863094417465276376e+00
4.559863231015288676e+00
5.548785788200572000e+00
5.121421859213683092e+00
5.309761083015335004e+00
5.886117317576562868e+00
5.403632736523201530e+00
5.844335342305805980e+00
5.058630342342418373e+00
5.550627613193895193e+00
5.024312657159340390e+00
6.041244629108947883e+00
3.917435391591455485e+00
4.267602663065606983e+00
4.578860681774129304e+00
4.334126288645136604e+00
4.664017421001768859e+00
5.235730538005292090e+00
4.764321206482623694e+00
6.131902907232678501e+00
5.495382253910178427e+00
5.415794026840135444e+00
5.451420079831504673e+00
5.124516401745355054e+00
5.538633684757975573e+00
6.656663760156875220e+00
5.367957681266470438e+00
5.327689531471238915e+00
4.103822023447436074e+00
4.829561720302097072e+00
5.016638165185114850e+00
4.841363444831461749e+00
4.094179841402459274e+00
4.821354234207555045e+00
4.669750544545697046e+00
5.091229915886967383e+00
3.281862871641142654e+00
3.979921412678943504e+00
4.717764739981953781e+00
4.510836382705202041e+00
3.135275808574216061e+00
5.141541558045618743e+00
3.064225112091492065e+00
2.928070414071321181e+00
4.712873196665761100e+00
2.326044679060899067e+00
4.029321121792784233e+00
2.758132846239954805e+00
5.068829338713700672e+00
4.907354410330714956e+00
4.490156071627140477e+00
4.593457806075506689e+00
5.290110953082569623e+00
4.465245406532539540e+00
4.672674703882552905e+00
4.976014021960567746e+00
5.497088680932503024e+00
4.696267927633473782e+00
5.124225630853572078e+00
4.167457377702203480e+00
4.655966914363532716e+00
4.913735097440412147e+00
5.093369551572083154e+00
5.010933792240011009e+00
4.630277138145992843e+00
5.180344179918859204e+00
5.325381615223388820e+00
5.346846942648130430e+00
4.923079753641282252e+00
4.346072072633567984e+00
4.278246623681285499e+00
4.224815376002975853e+00
5.063912195679144190e+00
4.824458230835339201e+00
4.784722109893458253e+00
5.188092656546527515e+00
4.500435454118496104e+00
4.842364159922532885e+00
5.347369833021274665e+00
3.576519915257020621e+00
4.437854844553956291e+00
4.098427895198500259e+00
5.226598863186202593e+00
5.242821777157549157e+00
4.918146277178459869e+00
4.671907557937959865e+00
4.742956708545564837e+00
5.113123984105410358e+00
5.130982242791933601e+00
5.937002477547020263e+00
4.315923348717999097e+00
5.295865028130553043e+00
4.891677459076760215e+00
4.738840797861000098e+00
5.348683929798279557e+00
5.225631631045482450e+00
4.204436298173175324e+00
4.920992736819568947e+00
4.822877769234420242e+00
4.333350884787218860e+00
5.396172127560968867e+00
5.157417495207559099e+00
5.325247237276459877e+00
5.191325027109360946e+00
5.564809453209393908e+00
4.251840828178829135e+00
4.460826428710960911e+00
5.120463734642672904e+00
4.860550601419714845e+00
4.945928606956467632e+00
4.701270779112230791e+00
4.915352060069043461e+00
2.347786582098140507e+00
3.187695246061195586e+00
5.504913374456330999e+00
5.323327466367635985e+00
3.411346072581791233e+00
5.320659130491389277e+00
4.943186934273720468e+00
4.953115313317224988e+00
4.733647857043163931e+00
5.116202722851760143e+00
4.520118979785818780e+00
4.271559352505758689e+00
