3.614397742077790632e+00
3.766148642134429014e+00
3.501132473302645653e+00
3.466789783864403951e+00
3.245175268141482938e+00
3.327210139828650437e+00
3.177588329563270975e+00
3.626868236764795750e+00
3.001208537139472998e+00
3.106721372699881023e+00
2.924915054785716340e+00
3.131934531163059088e+00
3.017254002431585924e+00
3.180768435096693825e+00
2.873197858090264400e+00
2.860161388942908278e+00
3.460287074078670866e+00
2.748661358466484739e+00
2.907641949966666584e+00
3.246007601056734249e+00
2.719223200341545965e+00
2.831180113066851245e+00
3.424685378472749786e+00
3.091538305193779035e+00
3.181056181604952737e+00
3.210860322487716800e+00
3.325984786839805363e+00
3.475341186501078816e+00
3.238571762768387430e+00
3.230787633483229726e+00
3.508879677580819756e+00
3.448783566201307327e+00
3.371369087385918117e+00
3.008949808492683786e+00
3.358280941034402556e+00
3.104877216372702531e+00
3.448775339830765674e+00
3.222047842084563740e+00
3.298428391838607254e+00
3.249077362528380419e+00
3.349612249263930419e+00
3.471041042766054296e+00
3.090029953364050286e+00
3.125825925825932661e+00
2.895858843749904654e+00
3.490924143337811980e+00
3.185532036379239873e+00
3.184264594739409482e+00
3.168900099967404405e+00
3.310482670897536561e+00
3.292480564769066032e+00
3.218377703733188433e+00
3.291162217064634188e+00
3.147161421609670828e+00
3.196552188828475138e+00
3.203899503606008725e+00
3.318004254193316349e+00
3.494202815143239604e+00
3.337828074878824047e+00
3.446029406508610560e+00
3.236114486645087052e+00
3.020717863512007550e+00
3.217323522723488427e+00
3.116748609126674729e+00
3.193296204591526077e+00
2.917077455139745812e+00
3.194995010078587327e+00
3.006591841170245250e+00
3.875419284083143623e+00
3.884601337947037436e+00
3.792986854106424666e+00
3.892494175393604205e+00
3.575275195156867980e+00
3.900643134045300719e+00
3.645232798631607096e+00
3.568905276918002745e+00
3.849559493826793855e+00
3.710668178617475554e+00
3.508824103684551776e+00
3.850701393126865657e+00
3.768359192999725327e+00
3.661707569684963914e+00
3.669591543087290741e+00
3.316546049333429558e+00
3.330265232058936320e+00
3.718469781247800032e+00
3.791341501522735857e+00
3.537170039641310826e+00
3.606167061283039210e+00
3.737225349036245259e+00
3.555099453232826168e+00
3.662128257212736049e+00
3.760996226050432600e+00
3.683125225989597684e+00
4.061036210527032786e+00
3.841165815340444656e+00
3.614507030110565289e+00
3.583179846997726514e+00
3.296658056885650279e+00
3.439072528402566498e+00
3.457813478627072445e+00
3.330911790280650653e+00
3.745560907302281528e+00
3.712858260827065937e+00
4.100429172862285476e+00
3.489806516912901113e+00
3.262992510146573100e+00
3.372589155729658117e+00
3.420701912335262662e+00
3.385765555652484160e+00
3.373669933353739658e+00
3.370573863315404317e+00
3.420117823608861407e+00
2.475017236081855643e+00
3.076228418177796797e+00
3.545195463312524442e+00
3.500349911509392786e+00
3.411094778344622824e+00
3.014769743591539708e+00
3.104428000264410237e+00
2.789875656181240338e+00
2.175434158871616841e+00
2.336171586290573199e+00
3.864962099780978377e+00
3.686183985378108652e+00
2.699416997735313295e+00
3.595024114467999965e+00
3.986934861263537577e+00
3.863149297850632546e+00
3.611035673120949419e+00
3.618110152163395377e+00
3.892433713393161909e+00
3.728711844261085595e+00
3.567824010854460326e+00
3.650339309375964625e+00
3.678700663521855763e+00
3.628242009491690734e+00
3.393877561646993168e+00
3.679197849883518501e+00
3.760739473716653514e+00
3.529412718947089633e+00
3.748925899890778624e+00
2.982655254074361384e+00
3.401985066480989417e+00
3.566377124225551309e+00
3.116119586498767635e+00
3.003221444889779601e+00
3.582235907405193931e+00
3.756984417790754094e+00
3.826130840107789144e+00
3.542791411575463734e+00
3.912980673915248175e+00
3.593640065792263361e+00
3.658256123589428643e+00
3.685285157645682208e+00
3.559451251699294883e+00
3.596164088713267315e+00
3.754989385486376730e+00
3.770844247877758182e+00
3.688486585578243826e+00
3.706221603656154162e+00
3.688447651189091125e+00
3.518523123044922762e+00
3.657771649824254734e+00
3.610285771183608272e+00
3.780415771159410632e+00
3.561467237702120592e+00
3.884002302430420439e+00
3.755496654325988892e+00
3.699276039466238064e+00
3.418482700204668490e+00
3.589274674904586515e+00
3.925495680658564801e+00
3.550102592432447413e+00
3.719034190841681742e+00
3.761116395823687952e+00
3.170822507244168253e+00
3.914793266861279708e+00
4.027978100286458307e+00
3.718831397775209879e+00
3.791695268528748830e+00
3.747601010521846021e+00
3.679098070950685528e+00
4.030640452620937175e+00
3.568426177833061708e+00
3.602253341644000795e+00
3.938573235785638893e+00
3.653332873555064975e+00
3.504378419199522199e+00
3.386065465337150471e+00
3.656725020115149771e+00
3.947019655143264139e+00
2.924008679605968108e+00
3.016451633538940413e+00
3.596125029432742704e+00
3.430733817835633914e+00
3.350063628921291947e+00
3.070837537130744810e+00
3.283626801258027861e+00
3.603749681028340479e+00
3.402333096363412412e+00
3.741869204112802993e+00
3.509123270995946342e+00
3.412356210469241979e+00
3.396748725752174014e+00
3.230914966546515998e+00
2.955225935060091125e+00
2.997747777244540668e+00
3.679178614139760217e+00
3.491156873142791106e+00
3.006418896583781031e+00
3.023744683222444163e+00
3.063737277395215397e+00
2.911730356427459476e+00
2.803954647392179922e+00
3.603203717029178854e+00
3.177209658124982461e+00
3.138006332449625901e+00
2.704899638079756752e+00
2.937241079672880506e+00
2.862713408908911017e+00
3.303187269737496212e+00
2.953251266641771178e+00
3.188611434582079518e+00
2.999096043862811367e+00
3.103647883904409266e+00
3.475968490769850039e+00
3.272871026635089109e+00
3.350365533112924066e+00
3.543883221518073334e+00
3.635420387651684848e+00
3.587445658921357250e+00
3.224010494998642340e+00
3.054100284944754051e+00
3.161794238315733363e+00
2.841843404520028482e+00
3.347792371865503824e+00
3.406424437076815526e+00
3.173818820028932119e+00
3.268236452364335687e+00
3.332987243122439214e+00
3.372411379729935987e+00
3.307088344598903884e+00
3.473813347140724428e+00
3.197194740960834558e+00
3.033399611647471517e+00
3.488945462099584116e+00
2.977366720636745789e+00
3.348067885901697238e+00
3.183816399407388698e+00
3.251714547834611224e+00
3.299885921494853491e+00
3.469041948710144485e+00
3.218684878719703324e+00
3.238789280962627970e+00
3.438692392451098367e+00
3.296937309159399199e+00
3.252645532534326644e+00
3.218969636139096480e+00
3.105078939542917915e+00
3.148025745222533089e+00
3.129098977238943924e+00
2.857402551409873759e+00
2.777565553605439774e+00
2.995725178151310786e+00
3.228278141350889197e+00
3.266858102598901414e+00
3.008927007626583272e+00
3.161151175021363446e+00
2.949699059818311486e+00
4.003484004669442875e+00
3.597298519652108784e+00
3.670589851053839947e+00
3.608105713569439654e+00
3.720832946044352330e+00
3.762318177668734442e+00
3.556693842685263007e+00
3.853697362183763353e+00
3.677878925209356442e+00
3.788383189167809473e+00
3.885708980986348315e+00
3.875901675857621242e+00
3.529655531617679198e+00
3.828619494804860857e+00
3.674006647397481728e+00
3.726005618711202505e+00
3.572278833176870894e+00
3.694960049062742335e+00
3.437329400666481405e+00
3.523513509807923327e+00
3.675378215571873497e+00
3.435629670365329513e+00
3.748755610867216870e+00
3.632768181514081540e+00
3.530436126269017372e+00
3.584020629858840401e+00
3.493069439925641451e+00
3.635110680600319277e+00
3.739434303987399844e+00
3.837619966877037658e+00
3.608400617687474110e+00
3.468362988270949021e+00
3.548430991236469989e+00
3.603957857580335489e+00
3.422928887882012994e+00
3.636054080844416170e+00
3.399824523908381302e+00
3.667274776902736733e+00
3.939162248405301714e+00
3.833290776288432511e+00
3.323580750076883472e+00
3.378243525049071216e+00
3.473674274366053361e+00
3.565712442743396604e+00
3.328653017061837804e+00
3.077663143908704768e+00
3.357831366485670710e+00
3.388949679267544646e+00
2.612378595934016445e+00
3.306252205150814305e+00
3.569082956173844856e+00
3.239760491851114033e+00
2.035069432825175273e+00
3.587630284956258464e+00
2.533548763800776982e+00
3.383701663835922968e+00
3.777267213167568194e+00
3.079561936290930113e+00
3.219418429118076741e+00
2.711594016560757048e+00
2.837942726651057512e+00
3.481719105225913768e+00
3.694183143579095940e+00
3.684007045877200959e+00
3.788760418669134378e+00
3.701013865516686874e+00
3.571937179127334439e+00
3.348895725835404846e+00
3.578785168562514052e+00
3.105749659437799792e+00
3.597947052720487093e+00
3.398925495623412285e+00
3.606170563040219879e+00
3.841084483174351139e+00
3.915785871683307384e+00
3.431679381484723734e+00
3.556236761594397944e+00
3.656421066810884302e+00
3.658785840588467231e+00
3.394204893254400890e+00
3.703977719166905658e+00
3.610963752946484195e+00
3.609488860525964515e+00
3.655657659933873038e+00
3.804323584866870611e+00
3.187847709013191366e+00
3.555270492984316633e+00
3.070678003266972489e+00
2.706848601710130975e+00
3.244258975133218037e+00
3.388424242215297255e+00
3.636913294718923773e+00
3.812482283893027013e+00
3.781564821733295112e+00
3.678644512979738934e+00
3.524644163363282789e+00
4.029740414819453775e+00
3.752614801223225882e+00
3.790339667736244422e+00
3.982069162879616986e+00
3.670332796489848448e+00
3.582061153830914169e+00
3.375342609034702512e+00
3.739255732903919327e+00
3.408675999061164141e+00
3.501596194979329280e+00
3.690724283586839682e+00
3.427548973146840261e+00
4.058610180324956573e+00
4.048859935435214830e+00
3.418781568634363666e+00
3.602248642558642189e+00
3.763042122938273781e+00
2.600017267821900013e+00
3.812586943125191308e+00
3.661810562606895303e+00
3.431295518157882363e+00
3.843432888818999249e+00
3.866634293357281482e+00
3.728713151655075109e+00
3.538998581945152377e+00
3.676998127177546039e+00
2.333399918470472123e+00
3.236891967112301316e+00
3.897766558151043448e+00
3.659288140230677389e+00
3.372451681702491211e+00
2.961561392887831268e+00
3.591723866948200339e+00
3.463924642497635098e+00
