3.477817340430303439e+00
3.436066126017156552e+00
4.545902556824286123e+00
5.027875007626398940e+00
5.029639654481959710e+00
4.812895828552525401e+00
3.075180602024486731e+00
5.123246017199626579e+00
4.428430522638672429e+00
4.588617320677981226e+00
5.596484824351185772e+00
4.928846511362968918e+00
4.663584122379862862e+00
4.434105715280410642e+00
5.697543710399457062e+00
5.733073825127652512e+00
4.404179146098505804e+00
5.991862038079925235e+00
4.970824790700520524e+00
5.576909293663086409e+00
6.399696866842280230e+00
6.143603937634858347e+00
4.544661298905924518e+00
5.033721389571547356e+00
5.548669433474131552e+00
5.673146873963951009e+00
4.463794674099291093e+00
4.842546885612081908e+00
5.154308782928011645e+00
5.057191435392470069e+00
5.254481388457517888e+00
6.105451583027615037e+00
5.392371929940744657e+00
5.294938329451236214e+00
5.581131147426385830e+00
5.389424477328153884e+00
5.810985609602574264e+00
5.386197596972401413e+00
6.146483569653843126e+00
6.190220269012177035e+00
5.895709116960905050e+00
5.794921860889425957e+00
5.862228417046107865e+00
5.429955648365125676e+00
5.932016587530731577e+00
5.326563126488181865e+00
5.928589074028764117e+00
5.811139431560128799e+00
5.809928416550742547e+00
5.301139719900008984e+00
5.105862984424882178e+00
5.707814191607428533e+00
4.622626262295692179e+00
5.647192005819095861e+00
6.182860659252230384e+00
6.199795429144539405e+00
5.682674147246189911e+00
5.159533984946962804e+00
4.635143638568370861e+00
5.171960418427789641e+00
6.047922997137196610e+00
5.862722271389313455e+00
5.586927181558246858e+00
6.341986703456357510e+00
6.180294618780226124e+00
5.698995833316659265e+00
5.417386928272005520e+00
5.975975558122921250e+00
3.967738588492240037e+00
5.512648834045984714e+00
5.305306363108789114e+00
5.043505625469061115e+00
4.623010652922062924e+00
5.500401786510081159e+00
5.264735936782396486e+00
4.860166294330611869e+00
4.873484165965017212e+00
4.943029303548181375e+00
5.085186669526260417e+00
5.058702212105457008e+00
5.699440536003220537e+00
5.370441481177469889e+00
5.892632300570042503e+00
5.105710234433021633e+00
5.380044986090108949e+00
5.928664847194015763e+00
4.762116572726789343e+00
5.670573053442246270e+00
5.477865453040722699e+00
5.890217820597229093e+00
5.969904095745917516e+00
5.998995620068532375e+00
5.820754915193766976e+00
5.904722816423495502e+00
5.769076133303754794e+00
5.340581425421570216e+00
4.168598042157040773e+00
5.337612382267800548e+00
4.298261621504109620e+00
5.038956299925923865e+00
5.338517225879741979e+00
5.434610186748497718e+00
5.559369917449202170e+00
6.157503451785276027e+00
5.516423476632596135e+00
4.732880876566357919e+00
5.153296959918232112e+00
6.276015621888994644e+00
5.347487496422507647e+00
5.615555594915718984e+00
5.124148438427041263e+00
5.667184502478733066e+00
6.932102373375037097e+00
3.487428757258016265e+00
5.565027216347900207e+00
6.122328731727447959e+00
4.374019884265511138e+00
5.861692301431786767e+00
3.542403957028509964e+00
3.140245676335188030e+00
2.785467357152474843e+00
2.491564387616347354e+00
2.768910429042105381e+00
5.500326718121356429e+00
4.485839134934946237e+00
3.135333447646087901e+00
5.508951135438979740e+00
5.794850924879042076e+00
6.073745415017381966e+00
5.610832596638936742e+00
4.866210135480354637e+00
5.476556434055380507e+00
5.767257985464879333e+00
5.821321646268071248e+00
5.490841324022330383e+00
4.391581213518865212e+00
4.998004109547017570e+00
4.901876765260896995e+00
5.585344134828433837e+00
5.392998077741502527e+00
5.054921696469644843e+00
5.233368296591993207e+00
3.634448124686122661e+00
4.920113490271568857e+00
5.510481518190663230e+00
5.628006667213020897e+00
4.697339696063298042e+00
5.266369715373595106e+00
5.341498514030789124e+00
4.732444249727336683e+00
4.844920544738060109e+00
5.695177384896028983e+00
5.903432113542034010e+00
5.930038146735671312e+00
4.926452356864485793e+00
5.639102691674022338e+00
5.011370563279518464e+00
5.438350790371488053e+00
5.765284426825848740e+00
5.078824139726060949e+00
5.497276665866592360e+00
5.384509302661268038e+00
5.569155893629096354e+00
5.355983755230091958e+00
5.613766118001195515e+00
5.170716048241462914e+00
4.789943530261481897e+00
5.290985880140019582e+00
5.041508229410672115e+00
5.389552055770462147e+00
5.279742006276276989e+00
4.954867009648819653e+00
5.127038057814069738e+00
4.849785870941233590e+00
5.656599784769057671e+00
6.252567622776176393e+00
5.226268111408266748e+00
5.489464208954975888e+00
5.467019212996277133e+00
5.329074450041995092e+00
5.282906297864777834e+00
5.530634665026767927e+00
6.095612567021333916e+00
6.037185969743166680e+00
5.663978039016377863e+00
5.314195889249463178e+00
5.424200486773468555e+00
5.645945614451605366e+00
6.115433342582197618e+00
5.844476351513905321e+00
5.371289441959333111e+00
5.701906256225008462e+00
4.588410454590356125e+00
5.215093162746478939e+00
4.981942509504292182e+00
5.463768761036265076e+00
5.665293039277467635e+00
6.270045480894222756e+00
5.530652263233664989e+00
4.992295420780077819e+00
5.131940195464001597e+00
3.633339679663991184e+00
4.649327056624782628e+00
4.675353667661314105e+00
4.682346544626453166e+00
5.582036336227742090e+00
3.566540849092737719e+00
5.005296955878260512e+00
4.731635573943325568e+00
4.794738404257793185e+00
6.151840219350244610e+00
5.347535247219131094e+00
4.102782516486348285e+00
5.419525746850715642e+00
6.430094395639024185e+00
4.872835765609933034e+00
5.638170833548626248e+00
4.019391988095705415e+00
6.071937216870729515e+00
5.971020843715901805e+00
5.403081344466368563e+00
4.209954170064282408e+00
4.965375095873974409e+00
5.729474264377283355e+00
5.770227827235550500e+00
4.834442441549071212e+00
4.576219481454421256e+00
5.352000923543067223e+00
5.729727174958815894e+00
4.558433381238131687e+00
6.298043888293427095e+00
5.288325364328523293e+00
5.500981207864207079e+00
5.315693787826194949e+00
5.553826641354824289e+00
5.365154945588235691e+00
5.437036560914807914e+00
5.564638905326221519e+00
5.453935812746327549e+00
5.914120088727457869e+00
6.142268153588960722e+00
6.428344921936172796e+00
5.785442309659706517e+00
6.253782285129109830e+00
6.422344776831319990e+00
5.641008004809791032e+00
5.610361864202602966e+00
5.959659057006150285e+00
5.039611763261413913e+00
6.335818207284652281e+00
5.018116674270092226e+00
5.366603806657963993e+00
5.630911939485296891e+00
6.252959096119080407e+00
4.797168529684514127e+00
5.802916459658972848e+00
5.197222511942357848e+00
5.108407601661485664e+00
5.299388457857328483e+00
6.264062960408264935e+00
5.711340083582483906e+00
6.225761430569352939e+00
5.786611125622214580e+00
5.842764757011381427e+00
5.072405315168262874e+00
6.094249092197171258e+00
5.330115302858875914e+00
6.944348118896701116e+00
6.398026824232298182e+00
6.257759583509690415e+00
5.202693420129635093e+00
5.322586441896898890e+00
5.435383170786523443e+00
5.781081090060711247e+00
5.311254184537511414e+00
5.496231734833895821e+00
5.247650370639884265e+00
5.122807770961381735e+00
4.552271184421159411e+00
4.948863334414766335e+00
4.605331018697899736e+00
5.065781893883057663e+00
4.436350633412650346e+00
4.841260090285842921e+00
5.373321005301843201e+00
4.545869879923167822e+00
5.483088810322719553e+00
5.771790058348505781e+00
5.439883699472176204e+00
5.646460400794897083e+00
4.704541385904438044e+00
5.778800842493085455e+00
5.758282753102893281e+00
5.659288977849659119e+00
5.219901113211077970e+00
5.512990684197785818e+00
5.251894098958212354e+00
6.190676607117472585e+00
5.284105981679934949e+00
5.758489529274052110e+00
5.877615848322790271e+00
4.955450619876235585e+00
4.939220302364361714e+00
5.721409795290806954e+00
5.224496707594108003e+00
5.275469543240930648e+00
5.104327110251425381e+00
5.740064067421275062e+00
5.864601435217615233e+00
5.135326018996812181e+00
5.193957056674313399e+00
5.974703097870581736e+00
5.359752350951866084e+00
5.907811625124471888e+00
5.313331646962912380e+00
5.842263755843640105e+00
6.760055374665707717e+00
6.015586916186343558e+00
3.416000191161303157e+00
4.298747397880027243e+00
5.297146576272109719e+00
5.384388313667946235e+00
3.210944900119269807e+00
5.531784863132258145e+00
3.785899579959381978e+00
3.921156766709638308e+00
5.815406533588440396e+00
2.821202092187290233e+00
5.056955836895725476e+00
3.247185487081607036e+00
3.531171193441268397e+00
5.552194170722408728e+00
6.004602646290721601e+00
5.108023374970412256e+00
5.359526632702517723e+00
4.793706834870162581e+00
5.161009159842058658e+00
4.928780919970276564e+00
5.188911585612242305e+00
4.168412555020839960e+00
6.080712435064313581e+00
5.383898858245326657e+00
5.492435373619289685e+00
5.298327061699594331e+00
4.833383171769497721e+00
4.617282353064137368e+00
5.277041285078207800e+00
5.808568625277089836e+00
5.262377062212131307e+00
5.097102097276750676e+00
5.373059559025922027e+00
5.462878940907679670e+00
5.305422936740829876e+00
5.523325085418732350e+00
5.481378732597765868e+00
5.159991635403192944e+00
5.610488553151504298e+00
4.889275499769500044e+00
5.355669374076245326e+00
5.020528652933081482e+00
5.700917632940665669e+00
5.420395938757754273e+00
5.202934975248382443e+00
5.253257562337657838e+00
5.196014888261975884e+00
5.718570705287431721e+00
4.906704311647652084e+00
5.506370335112942271e+00
5.571666819572659968e+00
5.181342873318063980e+00
4.888659450085973468e+00
3.956750803933833271e+00
5.655796067868075205e+00
5.594331097443597578e+00
5.093246882028718225e+00
5.138547425223094933e+00
5.249222238006560737e+00
5.387060721114422357e+00
5.694008402628798926e+00
6.086647424308337939e+00
4.900924077602831552e+00
5.583197005248808686e+00
5.861495455128254761e+00
5.094865708350055478e+00
6.136831739687615084e+00
5.944430765892136925e+00
5.387555927736132233e+00
5.821947934589104534e+00
6.268827501860508633e+00
5.302201614362070714e+00
6.011882781212012361e+00
5.598842365399665510e+00
4.736858619053329278e+00
5.479896720233814023e+00
5.518666669814764170e+00
5.680795757177089733e+00
5.552835263742241345e+00
5.864447664236998037e+00
5.328616093954460453e+00
4.942227933349662372e+00
